0 1.00000000e+00
1 9.99872279e-01
2 9.99617124e-01
3 9.99235108e-01
4 9.98727089e-01
5 9.98094203e-01
6 9.97337859e-01
7 9.96459734e-01
8 9.95461763e-01
9 9.94346132e-01
10 9.93115266e-01
11 9.91771816e-01
12 9.90318651e-01
13 9.88758839e-01
14 9.87095638e-01
15 9.85332477e-01
16 9.83472943e-01
17 9.81520761e-01
18 9.79479782e-01
19 9.77353961e-01
20 9.75147345e-01
21 9.72864047e-01
22 9.70508239e-01
23 9.68084124e-01
24 9.65595924e-01
25 9.63047864e-01
26 9.60444148e-01
27 9.57788950e-01
28 9.55086393e-01
29 9.52340536e-01
30 9.49555357e-01
31 9.46734740e-01
32 9.43882463e-01
33 9.41002184e-01
34 9.38097428e-01
35 9.35171580e-01
36 9.32227874e-01
37 9.29269384e-01
38 9.26299019e-01
39 9.23319512e-01
40 9.20333423e-01
41 9.17343128e-01
42 9.14350820e-01
43 9.11358505e-01
44 9.08368007e-01
45 9.05380962e-01
46 9.02398823e-01
47 8.99422866e-01
48 8.96454187e-01
49 8.93493712e-01
50 8.90542203e-01
51 8.87600260e-01
52 8.84668332e-01
53 8.81746725e-01
54 8.78835608e-01
55 8.75935025e-01
56 8.73044903e-01
57 8.70165061e-01
58 8.67295224e-01
59 8.64435029e-01
60 8.61584039e-01
61 8.58741751e-01
62 8.55907611e-01
63 8.53081018e-01
64 8.50261342e-01
65 8.47447928e-01
66 8.44640109e-01
67 8.41837215e-01
68 8.39038583e-01
69 8.36243564e-01
70 8.33451532e-01
71 8.30661890e-01
72 8.27874080e-01
73 8.25087588e-01
74 8.22301948e-01
75 8.19516747e-01
76 8.16731633e-01
77 8.13946312e-01
78 8.11160558e-01
79 8.08374208e-01
80 8.05587169e-01
81 8.02799414e-01
82 8.00010985e-01
83 7.97221989e-01
84 7.94432602e-01
85 7.91643061e-01
86 7.88853662e-01
87 7.86064762e-01
88 7.83276768e-01
89 7.80490140e-01
90 7.77705381e-01
91 7.74923034e-01
92 7.72143677e-01
93 7.69367917e-01
94 7.66596386e-01
95 7.63829734e-01
96 7.61068622e-01
97 7.58313719e-01
98 7.55565692e-01
99 7.52825206e-01
100 7.50092914e-01
101 7.47369452e-01
102 7.44655437e-01
103 7.41951459e-01
104 7.39258076e-01
105 7.36575812e-01
106 7.33905155e-01
107 7.31246546e-01
108 7.28600385e-01
109 7.25967021e-01
110 7.23346757e-01
111 7.20739840e-01
112 7.18146468e-01
113 7.15566784e-01
114 7.13000877e-01
115 7.10448786e-01
116 7.07910492e-01
117 7.05385930e-01
118 7.02874982e-01
119 7.00377483e-01
120 6.97893223e-01
121 6.95421950e-01
122 6.92963371e-01
123 6.90517158e-01
124 6.88082949e-01
125 6.85660354e-01
126 6.83248960e-01
127 6.80848331e-01
128 6.78458015e-01
129 6.76077548e-01
130 6.73706461e-01
131 6.71344278e-01
132 6.68990525e-01
133 6.66644735e-01
134 6.64306448e-01
135 6.61975218e-01
136 6.59650617e-01
137 6.57332235e-01
138 6.55019687e-01
139 6.52712616e-01
140 6.50410692e-01
141 6.48113617e-01
142 6.45821129e-01
143 6.43532999e-01
144 6.41249036e-01
145 6.38969087e-01
146 6.36693036e-01
147 6.34420808e-01
148 6.32152365e-01
149 6.29887709e-01
150 6.27626877e-01
151 6.25369946e-01
152 6.23117024e-01
153 6.20868256e-01
154 6.18623816e-01
155 6.16383908e-01
156 6.14148763e-01
157 6.11918637e-01
158 6.09693805e-01
159 6.07474562e-01
160 6.05261218e-01
161 6.03054095e-01
162 6.00853522e-01
163 5.98659838e-01
164 5.96473379e-01
165 5.94294485e-01
166 5.92123488e-01
167 5.89960714e-01
168 5.87806481e-01
169 5.85661091e-01
170 5.83524833e-01
171 5.81397975e-01
172 5.79280768e-01
173 5.77173438e-01
174 5.75076188e-01
175 5.72989195e-01
176 5.70912609e-01
177 5.68846552e-01
178 5.66791116e-01
179 5.64746366e-01
180 5.62712336e-01
181 5.60689030e-01
182 5.58676425e-01
183 5.56674467e-01
184 5.54683075e-01
185 5.52702144e-01
186 5.50731541e-01
187 5.48771110e-01
188 5.46820674e-01
189 5.44880036e-01
190 5.42948981e-01
191 5.41027278e-01
192 5.39114682e-01
193 5.37210940e-01
194 5.35315788e-01
195 5.33428959e-01
196 5.31550179e-01
197 5.29679177e-01
198 5.27815684e-01
199 5.25959432e-01
200 5.24110163e-01
201 5.22267629e-01
202 5.20431590e-01
203 5.18601824e-01
204 5.16778121e-01
205 5.14960291e-01
206 5.13148161e-01
207 5.11341580e-01
208 5.09540418e-01
209 5.07744568e-01
210 5.05953946e-01
211 5.04168493e-01
212 5.02388173e-01
213 5.00612977e-01
214 4.98842917e-01
215 4.97078033e-01
216 4.95318386e-01
217 4.93564059e-01
218 4.91815161e-01
219 4.90071818e-01
220 4.88334178e-01
221 4.86602404e-01
222 4.84876678e-01
223 4.83157196e-01
224 4.81444166e-01
225 4.79737807e-01
226 4.78038348e-01
227 4.76346023e-01
228 4.74661071e-01
229 4.72983732e-01
230 4.71314247e-01
231 4.69652856e-01
232 4.67999792e-01
233 4.66355283e-01
234 4.64719549e-01
235 4.63092797e-01
236 4.61475223e-01
237 4.59867010e-01
238 4.58268323e-01
239 4.56679312e-01
240 4.55100105e-01
241 4.53530813e-01
242 4.51971525e-01
243 4.50422308e-01
244 4.48883207e-01
245 4.47354243e-01
246 4.45835416e-01
247 4.44326699e-01
248 4.42828045e-01
249 4.41339382e-01
250 4.39860616e-01
251 4.38391631e-01
252 4.36932287e-01
253 4.35482427e-01
254 4.34041873e-01
255 4.32610427e-01
256 4.31187876e-01
257 4.29773990e-01
258 4.28368525e-01
259 4.26971226e-01
260 4.25581823e-01
261 4.24200040e-01
262 4.22825592e-01
263 4.21458188e-01
264 4.20097533e-01
265 4.18743329e-01
266 4.17395280e-01
267 4.16053087e-01
268 4.14716457e-01
269 4.13385099e-01
270 4.12058731e-01
271 4.10737074e-01
272 4.09419862e-01
273 4.08106836e-01
274 4.06797751e-01
275 4.05492372e-01
276 4.04190480e-01
277 4.02891866e-01
278 4.01596341e-01
279 4.00303727e-01
280 3.99013866e-01
281 3.97726614e-01
282 3.96441843e-01
283 3.95159443e-01
284 3.93879322e-01
285 3.92601401e-01
286 3.91325621e-01
287 3.90051936e-01
288 3.88780317e-01
289 3.87510750e-01
290 3.86243234e-01
291 3.84977784e-01
292 3.83714425e-01
293 3.82453197e-01
294 3.81194147e-01
295 3.79937337e-01
296 3.78682835e-01
297 3.77430717e-01
298 3.76181069e-01
299 3.74933980e-01
300 3.73689546e-01
301 3.72447868e-01
302 3.71209048e-01
303 3.69973193e-01
304 3.68740408e-01
305 3.67510802e-01
306 3.66284482e-01
307 3.65061555e-01
308 3.63842124e-01
309 3.62626292e-01
310 3.61414159e-01
311 3.60205820e-01
312 3.59001367e-01
313 3.57800887e-01
314 3.56604465e-01
315 3.55412177e-01
316 3.54224096e-01
317 3.53040290e-01
318 3.51860822e-01
319 3.50685748e-01
320 3.49515121e-01
321 3.48348986e-01
322 3.47187385e-01
323 3.46030354e-01
324 3.44877926e-01
325 3.43730128e-01
326 3.42586982e-01
327 3.41448508e-01
328 3.40314722e-01
329 3.39185635e-01
330 3.38061258e-01
331 3.36941596e-01
332 3.35826654e-01
333 3.34716434e-01
334 3.33610936e-01
335 3.32510159e-01
336 3.31414101e-01
337 3.30322757e-01
338 3.29236123e-01
339 3.28154195e-01
340 3.27076966e-01
341 3.26004430e-01
342 3.24936581e-01
343 3.23873411e-01
344 3.22814915e-01
345 3.21761083e-01
346 3.20711908e-01
347 3.19667383e-01
348 3.18627497e-01
349 3.17592241e-01
350 3.16561605e-01
351 3.15535577e-01
352 3.14514144e-01
353 3.13497292e-01
354 3.12485006e-01
355 3.11477266e-01
356 3.10474055e-01
357 3.09475349e-01
358 3.08481124e-01
359 3.07491352e-01
360 3.06506003e-01
361 3.05525042e-01
362 3.04548434e-01
363 3.03576137e-01
364 3.02608108e-01
365 3.01644298e-01
366 3.00684656e-01
367 2.99729125e-01
368 2.98777646e-01
369 2.97830155e-01
370 2.96886585e-01
371 2.95946865e-01
372 2.95010918e-01
373 2.94078666e-01
374 2.93150027e-01
375 2.92224915e-01
376 2.91303241e-01
377 2.90384914e-01
378 2.89469838e-01
379 2.88557918e-01
380 2.87649055e-01
381 2.86743148e-01
382 2.85840097e-01
383 2.84939798e-01
