0 1.00000000e+00
1 9.99808255e-01
2 9.99425120e-01
3 9.98851300e-01
4 9.98087849e-01
5 9.97136168e-01
6 9.95997993e-01
7 9.94675396e-01
8 9.93170766e-01
9 9.91486808e-01
10 9.89626526e-01
11 9.87593212e-01
12 9.85390435e-01
13 9.83022019e-01
14 9.80492035e-01
15 9.77804781e-01
16 9.74964763e-01
17 9.71976678e-01
18 9.68845398e-01
19 9.65575946e-01
20 9.62173480e-01
21 9.58643272e-01
22 9.54990686e-01
23 9.51221163e-01
24 9.47340194e-01
25 9.43353307e-01
26 9.39266044e-01
27 9.35083940e-01
28 9.30812510e-01
29 9.26457223e-01
30 9.22023494e-01
31 9.17516657e-01
32 9.12941959e-01
33 9.08304537e-01
34 9.03609408e-01
35 8.98861457e-01
36 8.94065420e-01
37 8.89225880e-01
38 8.84347252e-01
39 8.79433775e-01
40 8.74489509e-01
41 8.69518322e-01
42 8.64523893e-01
43 8.59509702e-01
44 8.54479031e-01
45 8.49434960e-01
46 8.44380371e-01
47 8.39317946e-01
48 8.34250167e-01
49 8.29179327e-01
50 8.24107525e-01
51 8.19036676e-01
52 8.13968517e-01
53 8.08904613e-01
54 8.03846362e-01
55 7.98795010e-01
56 7.93751650e-01
57 7.88717240e-01
58 7.83692608e-01
59 7.78678461e-01
60 7.73675400e-01
61 7.68683926e-01
62 7.63704452e-01
63 7.58737312e-01
64 7.53782776e-01
65 7.48841053e-01
66 7.43912308e-01
67 7.38996666e-01
68 7.34094225e-01
69 7.29205065e-01
70 7.24329253e-01
71 7.19466854e-01
72 7.14617938e-01
73 7.09782584e-01
74 7.04960891e-01
75 7.00152978e-01
76 6.95358994e-01
77 6.90579115e-01
78 6.85813556e-01
79 6.81062567e-01
80 6.76326435e-01
81 6.71605490e-01
82 6.66900100e-01
83 6.62210674e-01
84 6.57537658e-01
85 6.52881539e-01
86 6.48242837e-01
87 6.43622103e-01
88 6.39019921e-01
89 6.34436897e-01
90 6.29873661e-01
91 6.25330860e-01
92 6.20809151e-01
93 6.16309203e-01
94 6.11831682e-01
95 6.07377255e-01
96 6.02946579e-01
97 5.98540297e-01
98 5.94159034e-01
99 5.89803392e-01
100 5.85473940e-01
101 5.81171217e-01
102 5.76895721e-01
103 5.72647909e-01
104 5.68428189e-01
105 5.64236920e-01
106 5.60074408e-01
107 5.55940903e-01
108 5.51836596e-01
109 5.47761619e-01
110 5.43716042e-01
111 5.39699876e-01
112 5.35713068e-01
113 5.31755504e-01
114 5.27827012e-01
115 5.23927360e-01
116 5.20056260e-01
117 5.16213369e-01
118 5.12398296e-01
119 5.08610600e-01
120 5.04849798e-01
121 5.01115369e-01
122 4.97406757e-01
123 4.93723375e-01
124 4.90064615e-01
125 4.86429849e-01
126 4.82818436e-01
127 4.79229730e-01
128 4.75663081e-01
129 4.72117847e-01
130 4.68593395e-01
131 4.65089109e-01
132 4.61604395e-01
133 4.58138689e-01
134 4.54691458e-01
135 4.51262208e-01
136 4.47850490e-01
137 4.44455899e-01
138 4.41078087e-01
139 4.37716756e-01
140 4.34371669e-01
141 4.31042651e-01
142 4.27729589e-01
143 4.24432437e-01
144 4.21151213e-01
145 4.17886003e-01
146 4.14636961e-01
147 4.11404307e-01
148 4.08188326e-01
149 4.04989367e-01
150 4.01807842e-01
151 3.98644221e-01
152 3.95499031e-01
153 3.92372852e-01
154 3.89266310e-01
155 3.86180078e-01
156 3.83114868e-01
157 3.80071424e-01
158 3.77050519e-01
159 3.74052952e-01
160 3.71079535e-01
161 3.68131093e-01
162 3.65208455e-01
163 3.62312448e-01
164 3.59443892e-01
165 3.56603590e-01
166 3.53792327e-01
167 3.51010860e-01
168 3.48259913e-01
169 3.45540172e-01
170 3.42852278e-01
171 3.40196824e-01
172 3.37574347e-01
173 3.34985327e-01
174 3.32430179e-01
175 3.29909252e-01
176 3.27422828e-01
177 3.24971111e-01
178 3.22554235e-01
179 3.20172254e-01
180 3.17825145e-01
181 3.15512808e-01
182 3.13235062e-01
183 3.10991648e-01
184 3.08782230e-01
185 3.06606395e-01
186 3.04463657e-01
187 3.02353458e-01
188 3.00275169e-01
189 2.98228096e-01
190 2.96211486e-01
191 2.94224524e-01
192 2.92266343e-01
193 2.90336028e-01
194 2.88432621e-01
195 2.86555123e-01
196 2.84702504e-01
197 2.82873707e-01
198 2.81067652e-01
199 2.79283246e-01
200 2.77519383e-01
201 2.75774955e-01
202 2.74048855e-01
203 2.72339984e-01
204 2.70647256e-01
205 2.68969603e-01
206 2.67305980e-01
207 2.65655372e-01
208 2.64016794e-01
209 2.62389301e-01
210 2.60771988e-01
211 2.59163995e-01
212 2.57564509e-01
213 2.55972768e-01
214 2.54388064e-01
215 2.52809741e-01
216 2.51237202e-01
217 2.49669906e-01
218 2.48107371e-01
219 2.46549172e-01
220 2.44994941e-01
221 2.43444369e-01
222 2.41897201e-01
223 2.40353237e-01
224 2.38812330e-01
225 2.37274383e-01
226 2.35739346e-01
227 2.34207214e-01
228 2.32678023e-01
229 2.31151850e-01
230 2.29628802e-01
231 2.28109023e-01
232 2.26592678e-01
233 2.25079959e-01
234 2.23571076e-01
235 2.22066255e-01
236 2.20565731e-01
237 2.19069749e-01
238 2.17578553e-01
239 2.16092390e-01
240 2.14611502e-01
241 2.13136121e-01
242 2.11666472e-01
243 2.10202761e-01
244 2.08745182e-01
245 2.07293905e-01
246 2.05849084e-01
247 2.04410844e-01
248 2.02979288e-01
249 2.01554493e-01
250 2.00136508e-01
251 1.98725354e-01
252 1.97321025e-01
253 1.95923487e-01
254 1.94532680e-01
255 1.93148516e-01
256 1.91770882e-01
257 1.90399642e-01
258 1.89034638e-01
259 1.87675691e-01
260 1.86322605e-01
261 1.84975170e-01
262 1.83633160e-01
263 1.82296343e-01
264 1.80964478e-01
265 1.79637320e-01
266 1.78314626e-01
267 1.76996154e-01
268 1.75681667e-01
269 1.74370940e-01
270 1.73063758e-01
271 1.71759924e-01
272 1.70459256e-01
273 1.69161598e-01
274 1.67866815e-01
275 1.66574801e-01
276 1.65285476e-01
277 1.63998795e-01
278 1.62714744e-01
279 1.61433343e-01
280 1.60154651e-01
281 1.58878760e-01
282 1.57605802e-01
283 1.56335947e-01
284 1.55069401e-01
285 1.53806411e-01
286 1.52547257e-01
287 1.51292257e-01
288 1.50041765e-01
289 1.48796166e-01
290 1.47555876e-01
291 1.46321343e-01
292 1.45093039e-01
293 1.43871460e-01
294 1.42657124e-01
295 1.41450566e-01
296 1.40252338e-01
297 1.39062999e-01
298 1.37883118e-01
299 1.36713270e-01
300 1.35554025e-01
301 1.34405953e-01
302 1.33269615e-01
303 1.32145563e-01
304 1.31034331e-01
305 1.29936436e-01
306 1.28852374e-01
307 1.27782613e-01
308 1.26727594e-01
309 1.25687726e-01
310 1.24663384e-01
311 1.23654906e-01
312 1.22662589e-01
313 1.21686691e-01
314 1.20727426e-01
315 1.19784964e-01
316 1.18859428e-01
317 1.17950898e-01
318 1.17059404e-01
319 1.16184931e-01
320 1.15327418e-01
321 1.14486757e-01
322 1.13662795e-01
323 1.12855337e-01
324 1.12064145e-01
325 1.11288939e-01
326 1.10529405e-01
327 1.09785189e-01
328 1.09055908e-01
329 1.08341144e-01
330 1.07640457e-01
331 1.06953380e-01
332 1.06279426e-01
333 1.05618093e-01
334 1.04968864e-01
335 1.04331212e-01
336 1.03704606e-01
337 1.03088511e-01
338 1.02482394e-01
339 1.01885728e-01
340 1.01297993e-01
341 1.00718683e-01
342 1.00147306e-01
343 9.95833881e-02
344 9.90264781e-02
345 9.84761478e-02
346 9.79319957e-02
347 9.73936489e-02
348 9.68607654e-02
349 9.63330349e-02
350 9.58101810e-02
351 9.52919616e-02
352 9.47781700e-02
353 9.42686347e-02
354 9.37632203e-02
355 9.32618262e-02
356 9.27643868e-02
357 9.22708702e-02
358 9.17812768e-02
359 9.12956382e-02
360 9.08140148e-02
361 9.03364943e-02
362 8.98631890e-02
363 8.93942331e-02
364 8.89297802e-02
365 8.84700002e-02
366 8.80150761e-02
367 8.75652008e-02
368 8.71205737e-02
369 8.66813974e-02
370 8.62478737e-02
371 8.58202007e-02
372 8.53985690e-02
373 8.49831580e-02
374 8.45741330e-02
375 8.41716414e-02
376 8.37758099e-02
377 8.33867413e-02
378 8.30045116e-02
379 8.26291675e-02
380 8.22607241e-02
381 8.18991625e-02
382 8.15444278e-02
383 8.11964280e-02
