0 1.00000000e+00
1 9.99839387e-01
2 9.99518528e-01
3 9.99038151e-01
4 9.98399346e-01
5 9.97603558e-01
6 9.96652583e-01
7 9.95548554e-01
8 9.94293940e-01
9 9.92891525e-01
10 9.91344405e-01
11 9.89655967e-01
12 9.87829876e-01
13 9.85870062e-01
14 9.83780697e-01
15 9.81566181e-01
16 9.79231121e-01
17 9.76780311e-01
18 9.74218710e-01
19 9.71551426e-01
20 9.68783686e-01
21 9.65920823e-01
22 9.62968245e-01
23 9.59931421e-01
24 9.56815854e-01
25 9.53627058e-01
26 9.50370541e-01
27 9.47051779e-01
28 9.43676198e-01
29 9.40249153e-01
30 9.36775907e-01
31 9.33261614e-01
32 9.29711302e-01
33 9.26129853e-01
34 9.22521990e-01
35 9.18892262e-01
36 9.15245029e-01
37 9.11584451e-01
38 9.07914477e-01
39 9.04238836e-01
40 9.00561027e-01
41 8.96884313e-01
42 8.93211718e-01
43 8.89546019e-01
44 8.85889746e-01
45 8.82245179e-01
46 8.78614350e-01
47 8.74999044e-01
48 8.71400801e-01
49 8.67820922e-01
50 8.64260470e-01
51 8.60720281e-01
52 8.57200971e-01
53 8.53702940e-01
54 8.50226389e-01
55 8.46771323e-01
56 8.43337567e-01
57 8.39924776e-01
58 8.36532446e-01
59 8.33159932e-01
60 8.29806454e-01
61 8.26471120e-01
62 8.23152930e-01
63 8.19850797e-01
64 8.16563560e-01
65 8.13289997e-01
66 8.10028839e-01
67 8.06778783e-01
68 8.03538510e-01
69 8.00306692e-01
70 7.97082010e-01
71 7.93863162e-01
72 7.90648877e-01
73 7.87437927e-01
74 7.84229134e-01
75 7.81021382e-01
76 7.77813625e-01
77 7.74604894e-01
78 7.71394306e-01
79 7.68181070e-01
80 7.64964488e-01
81 7.61743966e-01
82 7.58519011e-01
83 7.55289240e-01
84 7.52054376e-01
85 7.48814250e-01
86 7.45568804e-01
87 7.42318085e-01
88 7.39062247e-01
89 7.35801548e-01
90 7.32536345e-01
91 7.29267090e-01
92 7.25994326e-01
93 7.22718683e-01
94 7.19440871e-01
95 7.16161670e-01
96 7.12881931e-01
97 7.09602564e-01
98 7.06324528e-01
99 7.03048830e-01
100 6.99776513e-01
101 6.96508648e-01
102 6.93246327e-01
103 6.89990657e-01
104 6.86742748e-01
105 6.83503707e-01
106 6.80274632e-01
107 6.77056603e-01
108 6.73850675e-01
109 6.70657874e-01
110 6.67479184e-01
111 6.64315549e-01
112 6.61167863e-01
113 6.58036966e-01
114 6.54923639e-01
115 6.51828601e-01
116 6.48752505e-01
117 6.45695935e-01
118 6.42659405e-01
119 6.39643356e-01
120 6.36648155e-01
121 6.33674093e-01
122 6.30721390e-01
123 6.27790189e-01
124 6.24880562e-01
125 6.21992509e-01
126 6.19125961e-01
127 6.16280782e-01
128 6.13456773e-01
129 6.10653674e-01
130 6.07871167e-01
131 6.05108884e-01
132 6.02366406e-01
133 5.99643271e-01
134 5.96938977e-01
135 5.94252988e-01
136 5.91584740e-01
137 5.88933643e-01
138 5.86299088e-01
139 5.83680454e-01
140 5.81077109e-01
141 5.78488417e-01
142 5.75913744e-01
143 5.73352463e-01
144 5.70803956e-01
145 5.68267620e-01
146 5.65742870e-01
147 5.63229146e-01
148 5.60725913e-01
149 5.58232665e-01
150 5.55748931e-01
151 5.53274272e-01
152 5.50808290e-01
153 5.48350622e-01
154 5.45900951e-01
155 5.43458997e-01
156 5.41024527e-01
157 5.38597348e-01
158 5.36177311e-01
159 5.33764313e-01
160 5.31358288e-01
161 5.28959216e-01
162 5.26567114e-01
163 5.24182039e-01
164 5.21804086e-01
165 5.19433380e-01
166 5.17070084e-01
167 5.14714387e-01
168 5.12366506e-01
169 5.10026682e-01
170 5.07695178e-01
171 5.05372274e-01
172 5.03058265e-01
173 5.00753460e-01
174 4.98458173e-01
175 4.96172726e-01
176 4.93897443e-01
177 4.91632644e-01
178 4.89378650e-01
179 4.87135771e-01
180 4.84904308e-01
181 4.82684550e-01
182 4.80476772e-01
183 4.78281230e-01
184 4.76098162e-01
185 4.73927782e-01
186 4.71770284e-01
187 4.69625836e-01
188 4.67494578e-01
189 4.65376627e-01
190 4.63272069e-01
191 4.61180963e-01
192 4.59103338e-01
193 4.57039195e-01
194 4.54988507e-01
195 4.52951218e-01
196 4.50927243e-01
197 4.48916470e-01
198 4.46918763e-01
199 4.44933959e-01
200 4.42961872e-01
201 4.41002293e-01
202 4.39054993e-01
203 4.37119723e-01
204 4.35196218e-01
205 4.33284198e-01
206 4.31383367e-01
207 4.29493420e-01
208 4.27614043e-01
209 4.25744913e-01
210 4.23885703e-01
211 4.22036083e-01
212 4.20195721e-01
213 4.18364288e-01
214 4.16541457e-01
215 4.14726903e-01
216 4.12920313e-01
217 4.11121378e-01
218 4.09329799e-01
219 4.07545292e-01
220 4.05767581e-01
221 4.03996406e-01
222 4.02231523e-01
223 4.00472702e-01
224 3.98719731e-01
225 3.96972413e-01
226 3.95230571e-01
227 3.93494046e-01
228 3.91762696e-01
229 3.90036398e-01
230 3.88315047e-01
231 3.86598556e-01
232 3.84886857e-01
233 3.83179897e-01
234 3.81477641e-01
235 3.79780070e-01
236 3.78087178e-01
237 3.76398978e-01
238 3.74715490e-01
239 3.73036752e-01
240 3.71362809e-01
241 3.69693719e-01
242 3.68029546e-01
243 3.66370364e-01
244 3.64716252e-01
245 3.63067296e-01
246 3.61423583e-01
247 3.59785206e-01
248 3.58152256e-01
249 3.56524827e-01
250 3.54903012e-01
251 3.53286901e-01
252 3.51676582e-01
253 3.50072139e-01
254 3.48473651e-01
255 3.46881190e-01
256 3.45294826e-01
257 3.43714616e-01
258 3.42140615e-01
259 3.40572865e-01
260 3.39011404e-01
261 3.37456257e-01
262 3.35907443e-01
263 3.34364968e-01
264 3.32828833e-01
265 3.31299026e-01
266 3.29775528e-01
267 3.28258309e-01
268 3.26747332e-01
269 3.25242548e-01
270 3.23743903e-01
271 3.22251334e-01
272 3.20764771e-01
273 3.19284136e-01
274 3.17809345e-01
275 3.16340311e-01
276 3.14876937e-01
277 3.13419127e-01
278 3.11966777e-01
279 3.10519784e-01
280 3.09078041e-01
281 3.07641438e-01
282 3.06209868e-01
283 3.04783222e-01
284 3.03361393e-01
285 3.01944273e-01
286 3.00531761e-01
287 2.99123754e-01
288 2.97720156e-01
289 2.96320875e-01
290 2.94925823e-01
291 2.93534917e-01
292 2.92148081e-01
293 2.90765245e-01
294 2.89386347e-01
295 2.88011331e-01
296 2.86640148e-01
297 2.85272757e-01
298 2.83909128e-01
299 2.82549236e-01
300 2.81193064e-01
301 2.79840607e-01
302 2.78491865e-01
303 2.77146849e-01
304 2.75805576e-01
305 2.74468073e-01
306 2.73134374e-01
307 2.71804522e-01
308 2.70478568e-01
309 2.69156568e-01
310 2.67838587e-01
311 2.66524696e-01
312 2.65214973e-01
313 2.63909500e-01
314 2.62608367e-01
315 2.61311666e-01
316 2.60019494e-01
317 2.58731954e-01
318 2.57449149e-01
319 2.56171186e-01
320 2.54898174e-01
321 2.53630223e-01
322 2.52367443e-01
323 2.51109946e-01
324 2.49857842e-01
325 2.48611239e-01
326 2.47370245e-01
327 2.46134963e-01
328 2.44905494e-01
329 2.43681936e-01
330 2.42464382e-01
331 2.41252918e-01
332 2.40047626e-01
333 2.38848582e-01
334 2.37655855e-01
335 2.36469504e-01
336 2.35289584e-01
337 2.34116139e-01
338 2.32949204e-01
339 2.31788805e-01
340 2.30634960e-01
341 2.29487675e-01
342 2.28346945e-01
343 2.27212757e-01
344 2.26085084e-01
345 2.24963890e-01
346 2.23849128e-01
347 2.22740737e-01
348 2.21638648e-01
349 2.20542778e-01
350 2.19453034e-01
351 2.18369313e-01
352 2.17291499e-01
353 2.16219465e-01
354 2.15153076e-01
355 2.14092184e-01
356 2.13036634e-01
357 2.11986260e-01
358 2.10940888e-01
359 2.09900334e-01
360 2.08864411e-01
361 2.07832920e-01
362 2.06805658e-01
363 2.05782417e-01
364 2.04762985e-01
365 2.03747144e-01
366 2.02734674e-01
367 2.01725355e-01
368 2.00718963e-01
369 1.99715276e-01
370 1.98714073e-01
371 1.97715133e-01
372 1.96718241e-01
373 1.95723183e-01
374 1.94729753e-01
375 1.93737748e-01
376 1.92746976e-01
377 1.91757250e-01
378 1.90768394e-01
379 1.89780241e-01
380 1.88792635e-01
381 1.87805434e-01
382 1.86818506e-01
383 1.85831735e-01
