0 1.00000000e+00
1 9.99853817e-01
2 9.99561752e-01
3 9.99124410e-01
4 9.98542692e-01
5 9.97817793e-01
6 9.96951198e-01
7 9.95944672e-01
8 9.94800255e-01
9 9.93520250e-01
10 9.92107215e-01
11 9.90563951e-01
12 9.88893488e-01
13 9.87099071e-01
14 9.85184149e-01
15 9.83152357e-01
16 9.81007501e-01
17 9.78753541e-01
18 9.76394574e-01
19 9.73934820e-01
20 9.71378598e-01
21 9.68730314e-01
22 9.65994440e-01
23 9.63175499e-01
24 9.60278041e-01
25 9.57306634e-01
26 9.54265842e-01
27 9.51160205e-01
28 9.47994231e-01
29 9.44772373e-01
30 9.41499019e-01
31 9.38178472e-01
32 9.34814943e-01
33 9.31412535e-01
34 9.27975229e-01
35 9.24506880e-01
36 9.21011199e-01
37 9.17491753e-01
38 9.13951950e-01
39 9.10395037e-01
40 9.06824093e-01
41 9.03242027e-01
42 8.99651572e-01
43 8.96055284e-01
44 8.92455543e-01
45 8.88854549e-01
46 8.85254331e-01
47 8.81656738e-01
48 8.78063454e-01
49 8.74475992e-01
50 8.70895708e-01
51 8.67323797e-01
52 8.63761310e-01
53 8.60209151e-01
54 8.56668091e-01
55 8.53138775e-01
56 8.49621729e-01
57 8.46117369e-01
58 8.42626012e-01
59 8.39147885e-01
60 8.35683131e-01
61 8.32231823e-01
62 8.28793971e-01
63 8.25369533e-01
64 8.21958420e-01
65 8.18560511e-01
66 8.15175657e-01
67 8.11803690e-01
68 8.08444432e-01
69 8.05097703e-01
70 8.01763324e-01
71 7.98441127e-01
72 7.95130959e-01
73 7.91832688e-01
74 7.88546204e-01
75 7.85271430e-01
76 7.82008315e-01
77 7.78756847e-01
78 7.75517045e-01
79 7.72288968e-01
80 7.69072711e-01
81 7.65868405e-01
82 7.62676218e-01
83 7.59496353e-01
84 7.56329045e-01
85 7.53174561e-01
86 7.50033194e-01
87 7.46905263e-01
88 7.43791108e-01
89 7.40691084e-01
90 7.37605562e-01
91 7.34534918e-01
92 7.31479536e-01
93 7.28439796e-01
94 7.25416076e-01
95 7.22408741e-01
96 7.19418144e-01
97 7.16444619e-01
98 7.13488474e-01
99 7.10549994e-01
100 7.07629431e-01
101 7.04727001e-01
102 7.01842885e-01
103 6.98977221e-01
104 6.96130106e-01
105 6.93301590e-01
106 6.90491678e-01
107 6.87700326e-01
108 6.84927443e-01
109 6.82172886e-01
110 6.79436468e-01
111 6.76717952e-01
112 6.74017054e-01
113 6.71333447e-01
114 6.68666760e-01
115 6.66016584e-01
116 6.63382471e-01
117 6.60763940e-01
118 6.58160479e-01
119 6.55571552e-01
120 6.52996600e-01
121 6.50435045e-01
122 6.47886299e-01
123 6.45349763e-01
124 6.42824838e-01
125 6.40310925e-01
126 6.37807432e-01
127 6.35313778e-01
128 6.32829400e-01
129 6.30353756e-01
130 6.27886328e-01
131 6.25426631e-01
132 6.22974212e-01
133 6.20528657e-01
134 6.18089592e-01
135 6.15656691e-01
136 6.13229672e-01
137 6.10808304e-01
138 6.08392409e-01
139 6.05981860e-01
140 6.03576586e-01
141 6.01176571e-01
142 5.98781851e-01
143 5.96392519e-01
144 5.94008723e-01
145 5.91630660e-01
146 5.89258581e-01
147 5.86892783e-01
148 5.84533611e-01
149 5.82181450e-01
150 5.79836727e-01
151 5.77499905e-01
152 5.75171478e-01
153 5.72851967e-01
154 5.70541917e-01
155 5.68241890e-01
156 5.65952464e-01
157 5.63674223e-01
158 5.61407756e-01
159 5.59153649e-01
160 5.56912481e-01
161 5.54684822e-01
162 5.52471221e-01
163 5.50272208e-01
164 5.48088287e-01
165 5.45919929e-01
166 5.43767574e-01
167 5.41631618e-01
168 5.39512419e-01
169 5.37410287e-01
170 5.35325486e-01
171 5.33258226e-01
172 5.31208665e-01
173 5.29176908e-01
174 5.27163002e-01
175 5.25166939e-01
176 5.23188651e-01
177 5.21228018e-01
178 5.19284860e-01
179 5.17358942e-01
180 5.15449978e-01
181 5.13557626e-01
182 5.11681498e-01
183 5.09821157e-01
184 5.07976122e-01
185 5.06145873e-01
186 5.04329851e-01
187 5.02527465e-01
188 5.00738095e-01
189 4.98961094e-01
190 4.97195799e-01
191 4.95441528e-01
192 4.93697590e-01
193 4.91963286e-01
194 4.90237917e-01
195 4.88520788e-01
196 4.86811210e-01
197 4.85108507e-01
198 4.83412022e-01
199 4.81721118e-01
200 4.80035182e-01
201 4.78353632e-01
202 4.76675917e-01
203 4.75001523e-01
204 4.73329975e-01
205 4.71660838e-01
206 4.69993722e-01
207 4.68328281e-01
208 4.66664217e-01
209 4.65001280e-01
210 4.63339269e-01
211 4.61678030e-01
212 4.60017461e-01
213 4.58357506e-01
214 4.56698157e-01
215 4.55039455e-01
216 4.53381482e-01
217 4.51724365e-01
218 4.50068272e-01
219 4.48413409e-01
220 4.46760017e-01
221 4.45108370e-01
222 4.43458770e-01
223 4.41811547e-01
224 4.40167052e-01
225 4.38525655e-01
226 4.36887739e-01
227 4.35253702e-01
228 4.33623946e-01
229 4.31998877e-01
230 4.30378902e-01
231 4.28764423e-01
232 4.27155834e-01
233 4.25553518e-01
234 4.23957846e-01
235 4.22369168e-01
236 4.20787816e-01
237 4.19214099e-01
238 4.17648300e-01
239 4.16090675e-01
240 4.14541450e-01
241 4.13000823e-01
242 4.11468955e-01
243 4.09945980e-01
244 4.08431994e-01
245 4.06927063e-01
246 4.05431215e-01
247 4.03944450e-01
248 4.02466731e-01
249 4.00997991e-01
250 3.99538134e-01
251 3.98087032e-01
252 3.96644534e-01
253 3.95210461e-01
254 3.93784610e-01
255 3.92366761e-01
256 3.90956674e-01
257 3.89554092e-01
258 3.88158749e-01
259 3.86770366e-01
260 3.85388658e-01
261 3.84013338e-01
262 3.82644115e-01
263 3.81280702e-01
264 3.79922816e-01
265 3.78570181e-01
266 3.77222531e-01
267 3.75879613e-01
268 3.74541191e-01
269 3.73207043e-01
270 3.71876968e-01
271 3.70550785e-01
272 3.69228336e-01
273 3.67909488e-01
274 3.66594132e-01
275 3.65282185e-01
276 3.63973589e-01
277 3.62668316e-01
278 3.61366363e-01
279 3.60067752e-01
280 3.58772535e-01
281 3.57480786e-01
282 3.56192605e-01
283 3.54908115e-01
284 3.53627462e-01
285 3.52350810e-01
286 3.51078345e-01
287 3.49810266e-01
288 3.48546788e-01
289 3.47288140e-01
290 3.46034557e-01
291 3.44786285e-01
292 3.43543573e-01
293 3.42306672e-01
294 3.41075836e-01
295 3.39851313e-01
296 3.38633346e-01
297 3.37422173e-01
298 3.36218018e-01
299 3.35021096e-01
300 3.33831607e-01
301 3.32649732e-01
302 3.31475637e-01
303 3.30309465e-01
304 3.29151338e-01
305 3.28001356e-01
306 3.26859593e-01
307 3.25726101e-01
308 3.24600903e-01
309 3.23483997e-01
310 3.22375355e-01
311 3.21274922e-01
312 3.20182616e-01
313 3.19098331e-01
314 3.18021934e-01
315 3.16953270e-01
316 3.15892159e-01
317 3.14838398e-01
318 3.13791768e-01
319 3.12752026e-01
320 3.11718916e-01
321 3.10692164e-01
322 3.09671485e-01
323 3.08656582e-01
324 3.07647150e-01
325 3.06642876e-01
326 3.05643445e-01
327 3.04648537e-01
328 3.03657836e-01
329 3.02671026e-01
330 3.01687797e-01
331 3.00707846e-01
332 2.99730878e-01
333 2.98756610e-01
334 2.97784773e-01
335 2.96815111e-01
336 2.95847385e-01
337 2.94881375e-01
338 2.93916878e-01
339 2.92953711e-01
340 2.91991714e-01
341 2.91030748e-01
342 2.90070696e-01
343 2.89111463e-01
344 2.88152976e-01
345 2.87195188e-01
346 2.86238070e-01
347 2.85281619e-01
348 2.84325849e-01
349 2.83370797e-01
350 2.82416518e-01
351 2.81463088e-01
352 2.80510596e-01
353 2.79559149e-01
354 2.78608867e-01
355 2.77659883e-01
356 2.76712340e-01
357 2.75766389e-01
358 2.74822190e-01
359 2.73879906e-01
360 2.72939706e-01
361 2.72001756e-01
362 2.71066225e-01
363 2.70133279e-01
364 2.69203078e-01
365 2.68275778e-01
366 2.67351528e-01
367 2.66430465e-01
368 2.65512718e-01
369 2.64598403e-01
370 2.63687625e-01
371 2.62780473e-01
372 2.61877022e-01
373 2.60977331e-01
374 2.60081443e-01
375 2.59189385e-01
376 2.58301167e-01
377 2.57416782e-01
378 2.56536206e-01
379 2.55659400e-01
380 2.54786307e-01
381 2.53916856e-01
382 2.53050961e-01
383 2.52188522e-01
