# E_min[GeV]	E_max[GeV]	cos(zenith)_min	cos(zenith)_max	A_Eff[m^2]
	1.000e+02	1.585e+02	-1.00	-0.96	0.000e+00
	1.000e+02	1.585e+02	-0.96	-0.92	0.000e+00
	1.000e+02	1.585e+02	-0.92	-0.88	0.000e+00
	1.000e+02	1.585e+02	-0.88	-0.84	0.000e+00
	1.000e+02	1.585e+02	-0.84	-0.80	0.000e+00
	1.000e+02	1.585e+02	-0.80	-0.76	0.000e+00
	1.000e+02	1.585e+02	-0.76	-0.72	0.000e+00
	1.000e+02	1.585e+02	-0.72	-0.68	0.000e+00
	1.000e+02	1.585e+02	-0.68	-0.64	0.000e+00
	1.000e+02	1.585e+02	-0.64	-0.60	0.000e+00
	1.000e+02	1.585e+02	-0.60	-0.56	0.000e+00
	1.000e+02	1.585e+02	-0.56	-0.52	0.000e+00
	1.000e+02	1.585e+02	-0.52	-0.48	0.000e+00
	1.000e+02	1.585e+02	-0.48	-0.44	0.000e+00
	1.000e+02	1.585e+02	-0.44	-0.40	0.000e+00
	1.000e+02	1.585e+02	-0.40	-0.36	0.000e+00
	1.000e+02	1.585e+02	-0.36	-0.32	0.000e+00
	1.000e+02	1.585e+02	-0.32	-0.28	0.000e+00
	1.000e+02	1.585e+02	-0.28	-0.24	0.000e+00
	1.000e+02	1.585e+02	-0.24	-0.20	0.000e+00
	1.000e+02	1.585e+02	-0.20	-0.16	0.000e+00
	1.000e+02	1.585e+02	-0.16	-0.12	0.000e+00
	1.000e+02	1.585e+02	-0.12	-0.08	0.000e+00
	1.000e+02	1.585e+02	-0.08	-0.04	0.000e+00
	1.000e+02	1.585e+02	-0.04	0.00	2.400e-05
	1.000e+02	1.585e+02	0.00	0.04	0.000e+00
	1.000e+02	1.585e+02	0.04	0.08	0.000e+00
	1.000e+02	1.585e+02	0.08	0.12	0.000e+00
	1.000e+02	1.585e+02	0.12	0.16	3.500e-05
	1.000e+02	1.585e+02	0.16	0.20	0.000e+00
	1.000e+02	1.585e+02	0.20	0.24	2.500e-05
	1.000e+02	1.585e+02	0.24	0.28	0.000e+00
	1.000e+02	1.585e+02	0.28	0.32	1.900e-05
	1.000e+02	1.585e+02	0.32	0.36	8.400e-05
	1.000e+02	1.585e+02	0.36	0.40	4.500e-05
	1.000e+02	1.585e+02	0.40	0.44	2.200e-05
	1.000e+02	1.585e+02	0.44	0.48	4.100e-05
	1.000e+02	1.585e+02	0.48	0.52	2.600e-05
	1.000e+02	1.585e+02	0.52	0.56	7.400e-05
	1.000e+02	1.585e+02	0.56	0.60	1.040e-04
	1.000e+02	1.585e+02	0.60	0.64	0.000e+00
	1.000e+02	1.585e+02	0.64	0.68	4.600e-05
	1.000e+02	1.585e+02	0.68	0.72	7.900e-05
	1.000e+02	1.585e+02	0.72	0.76	1.290e-04
	1.000e+02	1.585e+02	0.76	0.80	1.150e-04
	1.000e+02	1.585e+02	0.80	0.84	5.200e-05
	1.000e+02	1.585e+02	0.84	0.88	2.100e-04
	1.000e+02	1.585e+02	0.88	0.92	1.580e-04
	1.000e+02	1.585e+02	0.92	0.96	1.300e-04
	1.000e+02	1.585e+02	0.96	1.00	6.000e-05
	1.585e+02	2.512e+02	-1.00	-0.96	0.000e+00
	1.585e+02	2.512e+02	-0.96	-0.92	0.000e+00
	1.585e+02	2.512e+02	-0.92	-0.88	0.000e+00
	1.585e+02	2.512e+02	-0.88	-0.84	0.000e+00
	1.585e+02	2.512e+02	-0.84	-0.80	0.000e+00
	1.585e+02	2.512e+02	-0.80	-0.76	0.000e+00
	1.585e+02	2.512e+02	-0.76	-0.72	0.000e+00
	1.585e+02	2.512e+02	-0.72	-0.68	0.000e+00
	1.585e+02	2.512e+02	-0.68	-0.64	0.000e+00
	1.585e+02	2.512e+02	-0.64	-0.60	0.000e+00
	1.585e+02	2.512e+02	-0.60	-0.56	0.000e+00
	1.585e+02	2.512e+02	-0.56	-0.52	0.000e+00
	1.585e+02	2.512e+02	-0.52	-0.48	0.000e+00
	1.585e+02	2.512e+02	-0.48	-0.44	0.000e+00
	1.585e+02	2.512e+02	-0.44	-0.40	0.000e+00
	1.585e+02	2.512e+02	-0.40	-0.36	0.000e+00
	1.585e+02	2.512e+02	-0.36	-0.32	0.000e+00
	1.585e+02	2.512e+02	-0.32	-0.28	0.000e+00
	1.585e+02	2.512e+02	-0.28	-0.24	0.000e+00
	1.585e+02	2.512e+02	-0.24	-0.20	0.000e+00
	1.585e+02	2.512e+02	-0.20	-0.16	0.000e+00
	1.585e+02	2.512e+02	-0.16	-0.12	0.000e+00
	1.585e+02	2.512e+02	-0.12	-0.08	8.000e-05
	1.585e+02	2.512e+02	-0.08	-0.04	0.000e+00
	1.585e+02	2.512e+02	-0.04	0.00	1.470e-04
	1.585e+02	2.512e+02	0.00	0.04	1.510e-04
	1.585e+02	2.512e+02	0.04	0.08	8.500e-05
	1.585e+02	2.512e+02	0.08	0.12	2.000e-04
	1.585e+02	2.512e+02	0.12	0.16	3.460e-04
	1.585e+02	2.512e+02	0.16	0.20	3.070e-04
	1.585e+02	2.512e+02	0.20	0.24	3.570e-04
	1.585e+02	2.512e+02	0.24	0.28	4.620e-04
	1.585e+02	2.512e+02	0.28	0.32	2.180e-04
	1.585e+02	2.512e+02	0.32	0.36	2.840e-04
	1.585e+02	2.512e+02	0.36	0.40	1.310e-04
	1.585e+02	2.512e+02	0.40	0.44	3.010e-04
	1.585e+02	2.512e+02	0.44	0.48	4.670e-04
	1.585e+02	2.512e+02	0.48	0.52	3.710e-04
	1.585e+02	2.512e+02	0.52	0.56	3.700e-04
	1.585e+02	2.512e+02	0.56	0.60	4.630e-04
	1.585e+02	2.512e+02	0.60	0.64	2.970e-04
	1.585e+02	2.512e+02	0.64	0.68	1.870e-04
	1.585e+02	2.512e+02	0.68	0.72	3.370e-04
	1.585e+02	2.512e+02	0.72	0.76	4.150e-04
	1.585e+02	2.512e+02	0.76	0.80	5.110e-04
	1.585e+02	2.512e+02	0.80	0.84	7.190e-04
	1.585e+02	2.512e+02	0.84	0.88	5.880e-04
	1.585e+02	2.512e+02	0.88	0.92	9.450e-04
	1.585e+02	2.512e+02	0.92	0.96	6.300e-04
	1.585e+02	2.512e+02	0.96	1.00	3.580e-04
	2.512e+02	3.981e+02	-1.00	-0.96	0.000e+00
	2.512e+02	3.981e+02	-0.96	-0.92	0.000e+00
	2.512e+02	3.981e+02	-0.92	-0.88	0.000e+00
	2.512e+02	3.981e+02	-0.88	-0.84	0.000e+00
	2.512e+02	3.981e+02	-0.84	-0.80	0.000e+00
	2.512e+02	3.981e+02	-0.80	-0.76	0.000e+00
	2.512e+02	3.981e+02	-0.76	-0.72	0.000e+00
	2.512e+02	3.981e+02	-0.72	-0.68	0.000e+00
	2.512e+02	3.981e+02	-0.68	-0.64	0.000e+00
	2.512e+02	3.981e+02	-0.64	-0.60	0.000e+00
	2.512e+02	3.981e+02	-0.60	-0.56	0.000e+00
	2.512e+02	3.981e+02	-0.56	-0.52	0.000e+00
	2.512e+02	3.981e+02	-0.52	-0.48	0.000e+00
	2.512e+02	3.981e+02	-0.48	-0.44	0.000e+00
	2.512e+02	3.981e+02	-0.44	-0.40	0.000e+00
	2.512e+02	3.981e+02	-0.40	-0.36	0.000e+00
	2.512e+02	3.981e+02	-0.36	-0.32	0.000e+00
	2.512e+02	3.981e+02	-0.32	-0.28	0.000e+00
	2.512e+02	3.981e+02	-0.28	-0.24	0.000e+00
	2.512e+02	3.981e+02	-0.24	-0.20	0.000e+00
	2.512e+02	3.981e+02	-0.20	-0.16	0.000e+00
	2.512e+02	3.981e+02	-0.16	-0.12	0.000e+00
	2.512e+02	3.981e+02	-0.12	-0.08	0.000e+00
	2.512e+02	3.981e+02	-0.08	-0.04	4.650e-04
	2.512e+02	3.981e+02	-0.04	0.00	1.243e-03
	2.512e+02	3.981e+02	0.00	0.04	1.483e-03
	2.512e+02	3.981e+02	0.04	0.08	1.587e-03
	2.512e+02	3.981e+02	0.08	0.12	1.810e-03
	2.512e+02	3.981e+02	0.12	0.16	2.287e-03
	2.512e+02	3.981e+02	0.16	0.20	1.727e-03
	2.512e+02	3.981e+02	0.20	0.24	1.529e-03
	2.512e+02	3.981e+02	0.24	0.28	1.626e-03
	2.512e+02	3.981e+02	0.28	0.32	1.698e-03
	2.512e+02	3.981e+02	0.32	0.36	2.048e-03
	2.512e+02	3.981e+02	0.36	0.40	1.921e-03
	2.512e+02	3.981e+02	0.40	0.44	2.228e-03
	2.512e+02	3.981e+02	0.44	0.48	1.925e-03
	2.512e+02	3.981e+02	0.48	0.52	1.594e-03
	2.512e+02	3.981e+02	0.52	0.56	1.448e-03
	2.512e+02	3.981e+02	0.56	0.60	1.827e-03
	2.512e+02	3.981e+02	0.60	0.64	2.125e-03
	2.512e+02	3.981e+02	0.64	0.68	1.828e-03
	2.512e+02	3.981e+02	0.68	0.72	2.025e-03
	2.512e+02	3.981e+02	0.72	0.76	3.114e-03
	2.512e+02	3.981e+02	0.76	0.80	2.927e-03
	2.512e+02	3.981e+02	0.80	0.84	4.584e-03
	2.512e+02	3.981e+02	0.84	0.88	4.788e-03
	2.512e+02	3.981e+02	0.88	0.92	4.995e-03
	2.512e+02	3.981e+02	0.92	0.96	4.967e-03
	2.512e+02	3.981e+02	0.96	1.00	3.324e-03
	3.981e+02	6.310e+02	-1.00	-0.96	0.000e+00
	3.981e+02	6.310e+02	-0.96	-0.92	0.000e+00
	3.981e+02	6.310e+02	-0.92	-0.88	0.000e+00
	3.981e+02	6.310e+02	-0.88	-0.84	0.000e+00
	3.981e+02	6.310e+02	-0.84	-0.80	0.000e+00
	3.981e+02	6.310e+02	-0.80	-0.76	0.000e+00
	3.981e+02	6.310e+02	-0.76	-0.72	0.000e+00
	3.981e+02	6.310e+02	-0.72	-0.68	0.000e+00
	3.981e+02	6.310e+02	-0.68	-0.64	0.000e+00
	3.981e+02	6.310e+02	-0.64	-0.60	0.000e+00
	3.981e+02	6.310e+02	-0.60	-0.56	0.000e+00
	3.981e+02	6.310e+02	-0.56	-0.52	0.000e+00
	3.981e+02	6.310e+02	-0.52	-0.48	0.000e+00
	3.981e+02	6.310e+02	-0.48	-0.44	0.000e+00
	3.981e+02	6.310e+02	-0.44	-0.40	0.000e+00
	3.981e+02	6.310e+02	-0.40	-0.36	0.000e+00
	3.981e+02	6.310e+02	-0.36	-0.32	0.000e+00
	3.981e+02	6.310e+02	-0.32	-0.28	0.000e+00
	3.981e+02	6.310e+02	-0.28	-0.24	0.000e+00
	3.981e+02	6.310e+02	-0.24	-0.20	0.000e+00
	3.981e+02	6.310e+02	-0.20	-0.16	0.000e+00
	3.981e+02	6.310e+02	-0.16	-0.12	0.000e+00
	3.981e+02	6.310e+02	-0.12	-0.08	0.000e+00
	3.981e+02	6.310e+02	-0.08	-0.04	2.679e-03
	3.981e+02	6.310e+02	-0.04	0.00	4.497e-03
	3.981e+02	6.310e+02	0.00	0.04	3.879e-03
	3.981e+02	6.310e+02	0.04	0.08	5.336e-03
	3.981e+02	6.310e+02	0.08	0.12	7.976e-03
	3.981e+02	6.310e+02	0.12	0.16	7.089e-03
	3.981e+02	6.310e+02	0.16	0.20	8.767e-03
	3.981e+02	6.310e+02	0.20	0.24	6.985e-03
	3.981e+02	6.310e+02	0.24	0.28	7.542e-03
	3.981e+02	6.310e+02	0.28	0.32	6.825e-03
	3.981e+02	6.310e+02	0.32	0.36	8.046e-03
	3.981e+02	6.310e+02	0.36	0.40	5.937e-03
	3.981e+02	6.310e+02	0.40	0.44	6.446e-03
	3.981e+02	6.310e+02	0.44	0.48	7.439e-03
	3.981e+02	6.310e+02	0.48	0.52	9.340e-03
	3.981e+02	6.310e+02	0.52	0.56	9.614e-03
	3.981e+02	6.310e+02	0.56	0.60	1.072e-02
	3.981e+02	6.310e+02	0.60	0.64	1.050e-02
	3.981e+02	6.310e+02	0.64	0.68	9.099e-03
	3.981e+02	6.310e+02	0.68	0.72	1.437e-02
	3.981e+02	6.310e+02	0.72	0.76	1.291e-02
	3.981e+02	6.310e+02	0.76	0.80	1.642e-02
	3.981e+02	6.310e+02	0.80	0.84	1.465e-02
	3.981e+02	6.310e+02	0.84	0.88	1.892e-02
	3.981e+02	6.310e+02	0.88	0.92	1.922e-02
	3.981e+02	6.310e+02	0.92	0.96	1.689e-02
	3.981e+02	6.310e+02	0.96	1.00	1.425e-02
	6.310e+02	1.000e+03	-1.00	-0.96	0.000e+00
	6.310e+02	1.000e+03	-0.96	-0.92	0.000e+00
	6.310e+02	1.000e+03	-0.92	-0.88	0.000e+00
	6.310e+02	1.000e+03	-0.88	-0.84	0.000e+00
	6.310e+02	1.000e+03	-0.84	-0.80	0.000e+00
	6.310e+02	1.000e+03	-0.80	-0.76	0.000e+00
	6.310e+02	1.000e+03	-0.76	-0.72	0.000e+00
	6.310e+02	1.000e+03	-0.72	-0.68	0.000e+00
	6.310e+02	1.000e+03	-0.68	-0.64	0.000e+00
	6.310e+02	1.000e+03	-0.64	-0.60	0.000e+00
	6.310e+02	1.000e+03	-0.60	-0.56	0.000e+00
	6.310e+02	1.000e+03	-0.56	-0.52	0.000e+00
	6.310e+02	1.000e+03	-0.52	-0.48	0.000e+00
	6.310e+02	1.000e+03	-0.48	-0.44	0.000e+00
	6.310e+02	1.000e+03	-0.44	-0.40	0.000e+00
	6.310e+02	1.000e+03	-0.40	-0.36	0.000e+00
	6.310e+02	1.000e+03	-0.36	-0.32	0.000e+00
	6.310e+02	1.000e+03	-0.32	-0.28	0.000e+00
	6.310e+02	1.000e+03	-0.28	-0.24	0.000e+00
	6.310e+02	1.000e+03	-0.24	-0.20	0.000e+00
	6.310e+02	1.000e+03	-0.20	-0.16	0.000e+00
	6.310e+02	1.000e+03	-0.16	-0.12	0.000e+00
	6.310e+02	1.000e+03	-0.12	-0.08	0.000e+00
	6.310e+02	1.000e+03	-0.08	-0.04	8.252e-03
	6.310e+02	1.000e+03	-0.04	0.00	1.943e-02
	6.310e+02	1.000e+03	0.00	0.04	2.059e-02
	6.310e+02	1.000e+03	0.04	0.08	2.036e-02
	6.310e+02	1.000e+03	0.08	0.12	1.954e-02
	6.310e+02	1.000e+03	0.12	0.16	2.254e-02
	6.310e+02	1.000e+03	0.16	0.20	2.221e-02
	6.310e+02	1.000e+03	0.20	0.24	2.649e-02
	6.310e+02	1.000e+03	0.24	0.28	1.825e-02
	6.310e+02	1.000e+03	0.28	0.32	2.844e-02
	6.310e+02	1.000e+03	0.32	0.36	2.466e-02
	6.310e+02	1.000e+03	0.36	0.40	2.166e-02
	6.310e+02	1.000e+03	0.40	0.44	2.638e-02
	6.310e+02	1.000e+03	0.44	0.48	3.459e-02
	6.310e+02	1.000e+03	0.48	0.52	3.010e-02
	6.310e+02	1.000e+03	0.52	0.56	3.487e-02
	6.310e+02	1.000e+03	0.56	0.60	3.290e-02
	6.310e+02	1.000e+03	0.60	0.64	3.062e-02
	6.310e+02	1.000e+03	0.64	0.68	3.556e-02
	6.310e+02	1.000e+03	0.68	0.72	3.724e-02
	6.310e+02	1.000e+03	0.72	0.76	4.175e-02
	6.310e+02	1.000e+03	0.76	0.80	5.094e-02
	6.310e+02	1.000e+03	0.80	0.84	4.712e-02
	6.310e+02	1.000e+03	0.84	0.88	4.459e-02
	6.310e+02	1.000e+03	0.88	0.92	5.380e-02
	6.310e+02	1.000e+03	0.92	0.96	6.384e-02
	6.310e+02	1.000e+03	0.96	1.00	3.501e-02
	1.000e+03	1.585e+03	-1.00	-0.96	0.000e+00
	1.000e+03	1.585e+03	-0.96	-0.92	0.000e+00
	1.000e+03	1.585e+03	-0.92	-0.88	0.000e+00
	1.000e+03	1.585e+03	-0.88	-0.84	0.000e+00
	1.000e+03	1.585e+03	-0.84	-0.80	0.000e+00
	1.000e+03	1.585e+03	-0.80	-0.76	0.000e+00
	1.000e+03	1.585e+03	-0.76	-0.72	0.000e+00
	1.000e+03	1.585e+03	-0.72	-0.68	0.000e+00
	1.000e+03	1.585e+03	-0.68	-0.64	0.000e+00
	1.000e+03	1.585e+03	-0.64	-0.60	0.000e+00
	1.000e+03	1.585e+03	-0.60	-0.56	0.000e+00
	1.000e+03	1.585e+03	-0.56	-0.52	0.000e+00
	1.000e+03	1.585e+03	-0.52	-0.48	0.000e+00
	1.000e+03	1.585e+03	-0.48	-0.44	0.000e+00
	1.000e+03	1.585e+03	-0.44	-0.40	0.000e+00
	1.000e+03	1.585e+03	-0.40	-0.36	0.000e+00
	1.000e+03	1.585e+03	-0.36	-0.32	0.000e+00
	1.000e+03	1.585e+03	-0.32	-0.28	0.000e+00
	1.000e+03	1.585e+03	-0.28	-0.24	0.000e+00
	1.000e+03	1.585e+03	-0.24	-0.20	0.000e+00
	1.000e+03	1.585e+03	-0.20	-0.16	0.000e+00
	1.000e+03	1.585e+03	-0.16	-0.12	0.000e+00
	1.000e+03	1.585e+03	-0.12	-0.08	3.150e-04
	1.000e+03	1.585e+03	-0.08	-0.04	2.823e-02
	1.000e+03	1.585e+03	-0.04	0.00	5.660e-02
	1.000e+03	1.585e+03	0.00	0.04	5.291e-02
	1.000e+03	1.585e+03	0.04	0.08	5.238e-02
	1.000e+03	1.585e+03	0.08	0.12	6.234e-02
	1.000e+03	1.585e+03	0.12	0.16	5.684e-02
	1.000e+03	1.585e+03	0.16	0.20	6.573e-02
	1.000e+03	1.585e+03	0.20	0.24	6.974e-02
	1.000e+03	1.585e+03	0.24	0.28	6.087e-02
	1.000e+03	1.585e+03	0.28	0.32	6.408e-02
	1.000e+03	1.585e+03	0.32	0.36	6.645e-02
	1.000e+03	1.585e+03	0.36	0.40	9.568e-02
	1.000e+03	1.585e+03	0.40	0.44	8.505e-02
	1.000e+03	1.585e+03	0.44	0.48	8.296e-02
	1.000e+03	1.585e+03	0.48	0.52	9.656e-02
	1.000e+03	1.585e+03	0.52	0.56	1.042e-01
	1.000e+03	1.585e+03	0.56	0.60	1.215e-01
	1.000e+03	1.585e+03	0.60	0.64	1.167e-01
	1.000e+03	1.585e+03	0.64	0.68	1.140e-01
	1.000e+03	1.585e+03	0.68	0.72	1.436e-01
	1.000e+03	1.585e+03	0.72	0.76	1.397e-01
	1.000e+03	1.585e+03	0.76	0.80	1.204e-01
	1.000e+03	1.585e+03	0.80	0.84	1.296e-01
	1.000e+03	1.585e+03	0.84	0.88	1.572e-01
	1.000e+03	1.585e+03	0.88	0.92	1.353e-01
	1.000e+03	1.585e+03	0.92	0.96	1.408e-01
	1.000e+03	1.585e+03	0.96	1.00	9.498e-02
	1.585e+03	2.512e+03	-1.00	-0.96	0.000e+00
	1.585e+03	2.512e+03	-0.96	-0.92	0.000e+00
	1.585e+03	2.512e+03	-0.92	-0.88	0.000e+00
	1.585e+03	2.512e+03	-0.88	-0.84	0.000e+00
	1.585e+03	2.512e+03	-0.84	-0.80	0.000e+00
	1.585e+03	2.512e+03	-0.80	-0.76	0.000e+00
	1.585e+03	2.512e+03	-0.76	-0.72	0.000e+00
	1.585e+03	2.512e+03	-0.72	-0.68	0.000e+00
	1.585e+03	2.512e+03	-0.68	-0.64	0.000e+00
	1.585e+03	2.512e+03	-0.64	-0.60	0.000e+00
	1.585e+03	2.512e+03	-0.60	-0.56	0.000e+00
	1.585e+03	2.512e+03	-0.56	-0.52	0.000e+00
	1.585e+03	2.512e+03	-0.52	-0.48	0.000e+00
	1.585e+03	2.512e+03	-0.48	-0.44	0.000e+00
	1.585e+03	2.512e+03	-0.44	-0.40	0.000e+00
	1.585e+03	2.512e+03	-0.40	-0.36	0.000e+00
	1.585e+03	2.512e+03	-0.36	-0.32	0.000e+00
	1.585e+03	2.512e+03	-0.32	-0.28	0.000e+00
	1.585e+03	2.512e+03	-0.28	-0.24	0.000e+00
	1.585e+03	2.512e+03	-0.24	-0.20	0.000e+00
	1.585e+03	2.512e+03	-0.20	-0.16	0.000e+00
	1.585e+03	2.512e+03	-0.16	-0.12	0.000e+00
	1.585e+03	2.512e+03	-0.12	-0.08	6.436e-03
	1.585e+03	2.512e+03	-0.08	-0.04	7.420e-02
	1.585e+03	2.512e+03	-0.04	0.00	1.179e-01
	1.585e+03	2.512e+03	0.00	0.04	1.641e-01
	1.585e+03	2.512e+03	0.04	0.08	1.485e-01
	1.585e+03	2.512e+03	0.08	0.12	1.542e-01
	1.585e+03	2.512e+03	0.12	0.16	1.685e-01
	1.585e+03	2.512e+03	0.16	0.20	1.602e-01
	1.585e+03	2.512e+03	0.20	0.24	1.652e-01
	1.585e+03	2.512e+03	0.24	0.28	2.043e-01
	1.585e+03	2.512e+03	0.28	0.32	2.094e-01
	1.585e+03	2.512e+03	0.32	0.36	2.525e-01
	1.585e+03	2.512e+03	0.36	0.40	2.501e-01
	1.585e+03	2.512e+03	0.40	0.44	2.369e-01
	1.585e+03	2.512e+03	0.44	0.48	2.491e-01
	1.585e+03	2.512e+03	0.48	0.52	2.367e-01
	1.585e+03	2.512e+03	0.52	0.56	2.734e-01
	1.585e+03	2.512e+03	0.56	0.60	3.046e-01
	1.585e+03	2.512e+03	0.60	0.64	2.747e-01
	1.585e+03	2.512e+03	0.64	0.68	2.752e-01
	1.585e+03	2.512e+03	0.68	0.72	3.226e-01
	1.585e+03	2.512e+03	0.72	0.76	2.934e-01
	1.585e+03	2.512e+03	0.76	0.80	2.851e-01
	1.585e+03	2.512e+03	0.80	0.84	3.389e-01
	1.585e+03	2.512e+03	0.84	0.88	2.944e-01
	1.585e+03	2.512e+03	0.88	0.92	3.138e-01
	1.585e+03	2.512e+03	0.92	0.96	2.830e-01
	1.585e+03	2.512e+03	0.96	1.00	2.337e-01
	2.512e+03	3.981e+03	-1.00	-0.96	0.000e+00
	2.512e+03	3.981e+03	-0.96	-0.92	0.000e+00
	2.512e+03	3.981e+03	-0.92	-0.88	0.000e+00
	2.512e+03	3.981e+03	-0.88	-0.84	0.000e+00
	2.512e+03	3.981e+03	-0.84	-0.80	0.000e+00
	2.512e+03	3.981e+03	-0.80	-0.76	0.000e+00
	2.512e+03	3.981e+03	-0.76	-0.72	0.000e+00
	2.512e+03	3.981e+03	-0.72	-0.68	0.000e+00
	2.512e+03	3.981e+03	-0.68	-0.64	0.000e+00
	2.512e+03	3.981e+03	-0.64	-0.60	0.000e+00
	2.512e+03	3.981e+03	-0.60	-0.56	0.000e+00
	2.512e+03	3.981e+03	-0.56	-0.52	0.000e+00
	2.512e+03	3.981e+03	-0.52	-0.48	0.000e+00
	2.512e+03	3.981e+03	-0.48	-0.44	0.000e+00
	2.512e+03	3.981e+03	-0.44	-0.40	0.000e+00
	2.512e+03	3.981e+03	-0.40	-0.36	0.000e+00
	2.512e+03	3.981e+03	-0.36	-0.32	0.000e+00
	2.512e+03	3.981e+03	-0.32	-0.28	0.000e+00
	2.512e+03	3.981e+03	-0.28	-0.24	0.000e+00
	2.512e+03	3.981e+03	-0.24	-0.20	0.000e+00
	2.512e+03	3.981e+03	-0.20	-0.16	0.000e+00
	2.512e+03	3.981e+03	-0.16	-0.12	7.950e-04
	2.512e+03	3.981e+03	-0.12	-0.08	2.936e-02
	2.512e+03	3.981e+03	-0.08	-0.04	1.859e-01
	2.512e+03	3.981e+03	-0.04	0.00	3.430e-01
	2.512e+03	3.981e+03	0.00	0.04	3.480e-01
	2.512e+03	3.981e+03	0.04	0.08	3.693e-01
	2.512e+03	3.981e+03	0.08	0.12	3.840e-01
	2.512e+03	3.981e+03	0.12	0.16	4.174e-01
	2.512e+03	3.981e+03	0.16	0.20	4.057e-01
	2.512e+03	3.981e+03	0.20	0.24	4.768e-01
	2.512e+03	3.981e+03	0.24	0.28	6.080e-01
	2.512e+03	3.981e+03	0.28	0.32	7.105e-01
	2.512e+03	3.981e+03	0.32	0.36	6.404e-01
	2.512e+03	3.981e+03	0.36	0.40	6.487e-01
	2.512e+03	3.981e+03	0.40	0.44	5.727e-01
	2.512e+03	3.981e+03	0.44	0.48	6.533e-01
	2.512e+03	3.981e+03	0.48	0.52	6.543e-01
	2.512e+03	3.981e+03	0.52	0.56	6.850e-01
	2.512e+03	3.981e+03	0.56	0.60	7.075e-01
	2.512e+03	3.981e+03	0.60	0.64	6.302e-01
	2.512e+03	3.981e+03	0.64	0.68	8.157e-01
	2.512e+03	3.981e+03	0.68	0.72	7.111e-01
	2.512e+03	3.981e+03	0.72	0.76	7.594e-01
	2.512e+03	3.981e+03	0.76	0.80	7.483e-01
	2.512e+03	3.981e+03	0.80	0.84	7.031e-01
	2.512e+03	3.981e+03	0.84	0.88	7.522e-01
	2.512e+03	3.981e+03	0.88	0.92	7.081e-01
	2.512e+03	3.981e+03	0.92	0.96	6.842e-01
	2.512e+03	3.981e+03	0.96	1.00	4.893e-01
	3.981e+03	6.310e+03	-1.00	-0.96	0.000e+00
	3.981e+03	6.310e+03	-0.96	-0.92	0.000e+00
	3.981e+03	6.310e+03	-0.92	-0.88	0.000e+00
	3.981e+03	6.310e+03	-0.88	-0.84	0.000e+00
	3.981e+03	6.310e+03	-0.84	-0.80	0.000e+00
	3.981e+03	6.310e+03	-0.80	-0.76	0.000e+00
	3.981e+03	6.310e+03	-0.76	-0.72	0.000e+00
	3.981e+03	6.310e+03	-0.72	-0.68	0.000e+00
	3.981e+03	6.310e+03	-0.68	-0.64	0.000e+00
	3.981e+03	6.310e+03	-0.64	-0.60	0.000e+00
	3.981e+03	6.310e+03	-0.60	-0.56	0.000e+00
	3.981e+03	6.310e+03	-0.56	-0.52	0.000e+00
	3.981e+03	6.310e+03	-0.52	-0.48	0.000e+00
	3.981e+03	6.310e+03	-0.48	-0.44	0.000e+00
	3.981e+03	6.310e+03	-0.44	-0.40	0.000e+00
	3.981e+03	6.310e+03	-0.40	-0.36	0.000e+00
	3.981e+03	6.310e+03	-0.36	-0.32	0.000e+00
	3.981e+03	6.310e+03	-0.32	-0.28	0.000e+00
	3.981e+03	6.310e+03	-0.28	-0.24	0.000e+00
	3.981e+03	6.310e+03	-0.24	-0.20	0.000e+00
	3.981e+03	6.310e+03	-0.20	-0.16	0.000e+00
	3.981e+03	6.310e+03	-0.16	-0.12	6.521e-03
	3.981e+03	6.310e+03	-0.12	-0.08	1.099e-01
	3.981e+03	6.310e+03	-0.08	-0.04	5.308e-01
	3.981e+03	6.310e+03	-0.04	0.00	7.620e-01
	3.981e+03	6.310e+03	0.00	0.04	8.452e-01
	3.981e+03	6.310e+03	0.04	0.08	8.968e-01
	3.981e+03	6.310e+03	0.08	0.12	9.749e-01
	3.981e+03	6.310e+03	0.12	0.16	1.060e+00
	3.981e+03	6.310e+03	0.16	0.20	1.224e+00
	3.981e+03	6.310e+03	0.20	0.24	1.299e+00
	3.981e+03	6.310e+03	0.24	0.28	1.455e+00
	3.981e+03	6.310e+03	0.28	0.32	1.477e+00
	3.981e+03	6.310e+03	0.32	0.36	1.461e+00
	3.981e+03	6.310e+03	0.36	0.40	1.457e+00
	3.981e+03	6.310e+03	0.40	0.44	1.422e+00
	3.981e+03	6.310e+03	0.44	0.48	1.341e+00
	3.981e+03	6.310e+03	0.48	0.52	1.443e+00
	3.981e+03	6.310e+03	0.52	0.56	1.496e+00
	3.981e+03	6.310e+03	0.56	0.60	1.361e+00
	3.981e+03	6.310e+03	0.60	0.64	1.457e+00
	3.981e+03	6.310e+03	0.64	0.68	1.397e+00
	3.981e+03	6.310e+03	0.68	0.72	1.362e+00
	3.981e+03	6.310e+03	0.72	0.76	1.296e+00
	3.981e+03	6.310e+03	0.76	0.80	1.535e+00
	3.981e+03	6.310e+03	0.80	0.84	1.291e+00
	3.981e+03	6.310e+03	0.84	0.88	1.446e+00
	3.981e+03	6.310e+03	0.88	0.92	1.215e+00
	3.981e+03	6.310e+03	0.92	0.96	1.382e+00
	3.981e+03	6.310e+03	0.96	1.00	1.098e+00
	6.310e+03	1.000e+04	-1.00	-0.96	0.000e+00
	6.310e+03	1.000e+04	-0.96	-0.92	0.000e+00
	6.310e+03	1.000e+04	-0.92	-0.88	0.000e+00
	6.310e+03	1.000e+04	-0.88	-0.84	0.000e+00
	6.310e+03	1.000e+04	-0.84	-0.80	0.000e+00
	6.310e+03	1.000e+04	-0.80	-0.76	0.000e+00
	6.310e+03	1.000e+04	-0.76	-0.72	0.000e+00
	6.310e+03	1.000e+04	-0.72	-0.68	0.000e+00
	6.310e+03	1.000e+04	-0.68	-0.64	0.000e+00
	6.310e+03	1.000e+04	-0.64	-0.60	0.000e+00
	6.310e+03	1.000e+04	-0.60	-0.56	0.000e+00
	6.310e+03	1.000e+04	-0.56	-0.52	0.000e+00
	6.310e+03	1.000e+04	-0.52	-0.48	0.000e+00
	6.310e+03	1.000e+04	-0.48	-0.44	0.000e+00
	6.310e+03	1.000e+04	-0.44	-0.40	0.000e+00
	6.310e+03	1.000e+04	-0.40	-0.36	0.000e+00
	6.310e+03	1.000e+04	-0.36	-0.32	0.000e+00
	6.310e+03	1.000e+04	-0.32	-0.28	0.000e+00
	6.310e+03	1.000e+04	-0.28	-0.24	0.000e+00
	6.310e+03	1.000e+04	-0.24	-0.20	0.000e+00
	6.310e+03	1.000e+04	-0.20	-0.16	0.000e+00
	6.310e+03	1.000e+04	-0.16	-0.12	3.291e-02
	6.310e+03	1.000e+04	-0.12	-0.08	1.592e-01
	6.310e+03	1.000e+04	-0.08	-0.04	1.081e+00
	6.310e+03	1.000e+04	-0.04	0.00	1.970e+00
	6.310e+03	1.000e+04	0.00	0.04	2.077e+00
	6.310e+03	1.000e+04	0.04	0.08	1.838e+00
	6.310e+03	1.000e+04	0.08	0.12	2.014e+00
	6.310e+03	1.000e+04	0.12	0.16	2.477e+00
	6.310e+03	1.000e+04	0.16	0.20	2.721e+00
	6.310e+03	1.000e+04	0.20	0.24	3.192e+00
	6.310e+03	1.000e+04	0.24	0.28	3.211e+00
	6.310e+03	1.000e+04	0.28	0.32	3.221e+00
	6.310e+03	1.000e+04	0.32	0.36	3.252e+00
	6.310e+03	1.000e+04	0.36	0.40	3.175e+00
	6.310e+03	1.000e+04	0.40	0.44	2.765e+00
	6.310e+03	1.000e+04	0.44	0.48	3.171e+00
	6.310e+03	1.000e+04	0.48	0.52	3.049e+00
	6.310e+03	1.000e+04	0.52	0.56	2.666e+00
	6.310e+03	1.000e+04	0.56	0.60	2.902e+00
	6.310e+03	1.000e+04	0.60	0.64	3.008e+00
	6.310e+03	1.000e+04	0.64	0.68	3.269e+00
	6.310e+03	1.000e+04	0.68	0.72	2.734e+00
	6.310e+03	1.000e+04	0.72	0.76	3.179e+00
	6.310e+03	1.000e+04	0.76	0.80	2.959e+00
	6.310e+03	1.000e+04	0.80	0.84	3.043e+00
	6.310e+03	1.000e+04	0.84	0.88	2.929e+00
	6.310e+03	1.000e+04	0.88	0.92	2.592e+00
	6.310e+03	1.000e+04	0.92	0.96	2.448e+00
	6.310e+03	1.000e+04	0.96	1.00	1.811e+00
	1.000e+04	1.585e+04	-1.00	-0.96	0.000e+00
	1.000e+04	1.585e+04	-0.96	-0.92	0.000e+00
	1.000e+04	1.585e+04	-0.92	-0.88	0.000e+00
	1.000e+04	1.585e+04	-0.88	-0.84	0.000e+00
	1.000e+04	1.585e+04	-0.84	-0.80	0.000e+00
	1.000e+04	1.585e+04	-0.80	-0.76	0.000e+00
	1.000e+04	1.585e+04	-0.76	-0.72	0.000e+00
	1.000e+04	1.585e+04	-0.72	-0.68	0.000e+00
	1.000e+04	1.585e+04	-0.68	-0.64	0.000e+00
	1.000e+04	1.585e+04	-0.64	-0.60	0.000e+00
	1.000e+04	1.585e+04	-0.60	-0.56	0.000e+00
	1.000e+04	1.585e+04	-0.56	-0.52	0.000e+00
	1.000e+04	1.585e+04	-0.52	-0.48	0.000e+00
	1.000e+04	1.585e+04	-0.48	-0.44	0.000e+00
	1.000e+04	1.585e+04	-0.44	-0.40	0.000e+00
	1.000e+04	1.585e+04	-0.40	-0.36	0.000e+00
	1.000e+04	1.585e+04	-0.36	-0.32	0.000e+00
	1.000e+04	1.585e+04	-0.32	-0.28	0.000e+00
	1.000e+04	1.585e+04	-0.28	-0.24	0.000e+00
	1.000e+04	1.585e+04	-0.24	-0.20	0.000e+00
	1.000e+04	1.585e+04	-0.20	-0.16	2.413e-02
	1.000e+04	1.585e+04	-0.16	-0.12	1.037e-01
	1.000e+04	1.585e+04	-0.12	-0.08	5.555e-01
	1.000e+04	1.585e+04	-0.08	-0.04	2.867e+00
	1.000e+04	1.585e+04	-0.04	0.00	3.596e+00
	1.000e+04	1.585e+04	0.00	0.04	4.018e+00
	1.000e+04	1.585e+04	0.04	0.08	4.324e+00
	1.000e+04	1.585e+04	0.08	0.12	4.627e+00
	1.000e+04	1.585e+04	0.12	0.16	5.029e+00
	1.000e+04	1.585e+04	0.16	0.20	5.697e+00
	1.000e+04	1.585e+04	0.20	0.24	6.635e+00
	1.000e+04	1.585e+04	0.24	0.28	6.468e+00
	1.000e+04	1.585e+04	0.28	0.32	6.312e+00
	1.000e+04	1.585e+04	0.32	0.36	6.356e+00
	1.000e+04	1.585e+04	0.36	0.40	6.189e+00
	1.000e+04	1.585e+04	0.40	0.44	6.026e+00
	1.000e+04	1.585e+04	0.44	0.48	6.860e+00
	1.000e+04	1.585e+04	0.48	0.52	5.994e+00
	1.000e+04	1.585e+04	0.52	0.56	5.375e+00
	1.000e+04	1.585e+04	0.56	0.60	5.455e+00
	1.000e+04	1.585e+04	0.60	0.64	5.295e+00
	1.000e+04	1.585e+04	0.64	0.68	5.568e+00
	1.000e+04	1.585e+04	0.68	0.72	5.494e+00
	1.000e+04	1.585e+04	0.72	0.76	5.335e+00
	1.000e+04	1.585e+04	0.76	0.80	5.125e+00
	1.000e+04	1.585e+04	0.80	0.84	4.863e+00
	1.000e+04	1.585e+04	0.84	0.88	4.712e+00
	1.000e+04	1.585e+04	0.88	0.92	4.566e+00
	1.000e+04	1.585e+04	0.92	0.96	3.883e+00
	1.000e+04	1.585e+04	0.96	1.00	3.102e+00
	1.585e+04	2.512e+04	-1.00	-0.96	0.000e+00
	1.585e+04	2.512e+04	-0.96	-0.92	0.000e+00
	1.585e+04	2.512e+04	-0.92	-0.88	0.000e+00
	1.585e+04	2.512e+04	-0.88	-0.84	0.000e+00
	1.585e+04	2.512e+04	-0.84	-0.80	0.000e+00
	1.585e+04	2.512e+04	-0.80	-0.76	0.000e+00
	1.585e+04	2.512e+04	-0.76	-0.72	0.000e+00
	1.585e+04	2.512e+04	-0.72	-0.68	0.000e+00
	1.585e+04	2.512e+04	-0.68	-0.64	0.000e+00
	1.585e+04	2.512e+04	-0.64	-0.60	0.000e+00
	1.585e+04	2.512e+04	-0.60	-0.56	0.000e+00
	1.585e+04	2.512e+04	-0.56	-0.52	0.000e+00
	1.585e+04	2.512e+04	-0.52	-0.48	0.000e+00
	1.585e+04	2.512e+04	-0.48	-0.44	0.000e+00
	1.585e+04	2.512e+04	-0.44	-0.40	0.000e+00
	1.585e+04	2.512e+04	-0.40	-0.36	0.000e+00
	1.585e+04	2.512e+04	-0.36	-0.32	0.000e+00
	1.585e+04	2.512e+04	-0.32	-0.28	0.000e+00
	1.585e+04	2.512e+04	-0.28	-0.24	0.000e+00
	1.585e+04	2.512e+04	-0.24	-0.20	6.524e-02
	1.585e+04	2.512e+04	-0.20	-0.16	5.701e-02
	1.585e+04	2.512e+04	-0.16	-0.12	3.911e-01
	1.585e+04	2.512e+04	-0.12	-0.08	1.929e+00
	1.585e+04	2.512e+04	-0.08	-0.04	5.363e+00
	1.585e+04	2.512e+04	-0.04	0.00	7.522e+00
	1.585e+04	2.512e+04	0.00	0.04	8.208e+00
	1.585e+04	2.512e+04	0.04	0.08	8.620e+00
	1.585e+04	2.512e+04	0.08	0.12	9.869e+00
	1.585e+04	2.512e+04	0.12	0.16	1.061e+01
	1.585e+04	2.512e+04	0.16	0.20	1.200e+01
	1.585e+04	2.512e+04	0.20	0.24	1.179e+01
	1.585e+04	2.512e+04	0.24	0.28	1.265e+01
	1.585e+04	2.512e+04	0.28	0.32	1.120e+01
	1.585e+04	2.512e+04	0.32	0.36	1.119e+01
	1.585e+04	2.512e+04	0.36	0.40	1.009e+01
	1.585e+04	2.512e+04	0.40	0.44	1.018e+01
	1.585e+04	2.512e+04	0.44	0.48	1.062e+01
	1.585e+04	2.512e+04	0.48	0.52	1.121e+01
	1.585e+04	2.512e+04	0.52	0.56	9.716e+00
	1.585e+04	2.512e+04	0.56	0.60	9.357e+00
	1.585e+04	2.512e+04	0.60	0.64	9.087e+00
	1.585e+04	2.512e+04	0.64	0.68	9.069e+00
	1.585e+04	2.512e+04	0.68	0.72	8.203e+00
	1.585e+04	2.512e+04	0.72	0.76	9.070e+00
	1.585e+04	2.512e+04	0.76	0.80	7.365e+00
	1.585e+04	2.512e+04	0.80	0.84	8.201e+00
	1.585e+04	2.512e+04	0.84	0.88	8.435e+00
	1.585e+04	2.512e+04	0.88	0.92	6.381e+00
	1.585e+04	2.512e+04	0.92	0.96	6.315e+00
	1.585e+04	2.512e+04	0.96	1.00	4.800e+00
	2.512e+04	3.981e+04	-1.00	-0.96	0.000e+00
	2.512e+04	3.981e+04	-0.96	-0.92	0.000e+00
	2.512e+04	3.981e+04	-0.92	-0.88	0.000e+00
	2.512e+04	3.981e+04	-0.88	-0.84	0.000e+00
	2.512e+04	3.981e+04	-0.84	-0.80	0.000e+00
	2.512e+04	3.981e+04	-0.80	-0.76	0.000e+00
	2.512e+04	3.981e+04	-0.76	-0.72	0.000e+00
	2.512e+04	3.981e+04	-0.72	-0.68	0.000e+00
	2.512e+04	3.981e+04	-0.68	-0.64	0.000e+00
	2.512e+04	3.981e+04	-0.64	-0.60	0.000e+00
	2.512e+04	3.981e+04	-0.60	-0.56	0.000e+00
	2.512e+04	3.981e+04	-0.56	-0.52	0.000e+00
	2.512e+04	3.981e+04	-0.52	-0.48	0.000e+00
	2.512e+04	3.981e+04	-0.48	-0.44	0.000e+00
	2.512e+04	3.981e+04	-0.44	-0.40	0.000e+00
	2.512e+04	3.981e+04	-0.40	-0.36	0.000e+00
	2.512e+04	3.981e+04	-0.36	-0.32	0.000e+00
	2.512e+04	3.981e+04	-0.32	-0.28	0.000e+00
	2.512e+04	3.981e+04	-0.28	-0.24	1.208e-02
	2.512e+04	3.981e+04	-0.24	-0.20	5.832e-02
	2.512e+04	3.981e+04	-0.20	-0.16	4.837e-01
	2.512e+04	3.981e+04	-0.16	-0.12	9.725e-01
	2.512e+04	3.981e+04	-0.12	-0.08	4.532e+00
	2.512e+04	3.981e+04	-0.08	-0.04	1.112e+01
	2.512e+04	3.981e+04	-0.04	0.00	1.392e+01
	2.512e+04	3.981e+04	0.00	0.04	1.405e+01
	2.512e+04	3.981e+04	0.04	0.08	1.673e+01
	2.512e+04	3.981e+04	0.08	0.12	1.810e+01
	2.512e+04	3.981e+04	0.12	0.16	2.148e+01
	2.512e+04	3.981e+04	0.16	0.20	2.191e+01
	2.512e+04	3.981e+04	0.20	0.24	2.214e+01
	2.512e+04	3.981e+04	0.24	0.28	2.058e+01
	2.512e+04	3.981e+04	0.28	0.32	1.887e+01
	2.512e+04	3.981e+04	0.32	0.36	1.879e+01
	2.512e+04	3.981e+04	0.36	0.40	2.188e+01
	2.512e+04	3.981e+04	0.40	0.44	1.609e+01
	2.512e+04	3.981e+04	0.44	0.48	1.701e+01
	2.512e+04	3.981e+04	0.48	0.52	1.721e+01
	2.512e+04	3.981e+04	0.52	0.56	1.478e+01
	2.512e+04	3.981e+04	0.56	0.60	1.669e+01
	2.512e+04	3.981e+04	0.60	0.64	1.501e+01
	2.512e+04	3.981e+04	0.64	0.68	1.457e+01
	2.512e+04	3.981e+04	0.68	0.72	1.329e+01
	2.512e+04	3.981e+04	0.72	0.76	1.345e+01
	2.512e+04	3.981e+04	0.76	0.80	1.216e+01
	2.512e+04	3.981e+04	0.80	0.84	1.209e+01
	2.512e+04	3.981e+04	0.84	0.88	1.069e+01
	2.512e+04	3.981e+04	0.88	0.92	9.985e+00
	2.512e+04	3.981e+04	0.92	0.96	8.709e+00
	2.512e+04	3.981e+04	0.96	1.00	6.339e+00
	3.981e+04	6.310e+04	-1.00	-0.96	0.000e+00
	3.981e+04	6.310e+04	-0.96	-0.92	0.000e+00
	3.981e+04	6.310e+04	-0.92	-0.88	0.000e+00
	3.981e+04	6.310e+04	-0.88	-0.84	0.000e+00
	3.981e+04	6.310e+04	-0.84	-0.80	1.154e-02
	3.981e+04	6.310e+04	-0.80	-0.76	0.000e+00
	3.981e+04	6.310e+04	-0.76	-0.72	0.000e+00
	3.981e+04	6.310e+04	-0.72	-0.68	0.000e+00
	3.981e+04	6.310e+04	-0.68	-0.64	0.000e+00
	3.981e+04	6.310e+04	-0.64	-0.60	0.000e+00
	3.981e+04	6.310e+04	-0.60	-0.56	0.000e+00
	3.981e+04	6.310e+04	-0.56	-0.52	0.000e+00
	3.981e+04	6.310e+04	-0.52	-0.48	0.000e+00
	3.981e+04	6.310e+04	-0.48	-0.44	2.856e-02
	3.981e+04	6.310e+04	-0.44	-0.40	5.399e-02
	3.981e+04	6.310e+04	-0.40	-0.36	1.126e-01
	3.981e+04	6.310e+04	-0.36	-0.32	5.460e-02
	3.981e+04	6.310e+04	-0.32	-0.28	1.576e-01
	3.981e+04	6.310e+04	-0.28	-0.24	1.569e-01
	3.981e+04	6.310e+04	-0.24	-0.20	3.035e-01
	3.981e+04	6.310e+04	-0.20	-0.16	9.086e-01
	3.981e+04	6.310e+04	-0.16	-0.12	2.691e+00
	3.981e+04	6.310e+04	-0.12	-0.08	8.305e+00
	3.981e+04	6.310e+04	-0.08	-0.04	2.006e+01
	3.981e+04	6.310e+04	-0.04	0.00	2.465e+01
	3.981e+04	6.310e+04	0.00	0.04	2.437e+01
	3.981e+04	6.310e+04	0.04	0.08	2.802e+01
	3.981e+04	6.310e+04	0.08	0.12	3.137e+01
	3.981e+04	6.310e+04	0.12	0.16	3.630e+01
	3.981e+04	6.310e+04	0.16	0.20	3.649e+01
	3.981e+04	6.310e+04	0.20	0.24	3.617e+01
	3.981e+04	6.310e+04	0.24	0.28	3.407e+01
	3.981e+04	6.310e+04	0.28	0.32	3.144e+01
	3.981e+04	6.310e+04	0.32	0.36	3.042e+01
	3.981e+04	6.310e+04	0.36	0.40	3.076e+01
	3.981e+04	6.310e+04	0.40	0.44	3.002e+01
	3.981e+04	6.310e+04	0.44	0.48	2.872e+01
	3.981e+04	6.310e+04	0.48	0.52	2.611e+01
	3.981e+04	6.310e+04	0.52	0.56	2.398e+01
	3.981e+04	6.310e+04	0.56	0.60	2.209e+01
	3.981e+04	6.310e+04	0.60	0.64	2.210e+01
	3.981e+04	6.310e+04	0.64	0.68	2.073e+01
	3.981e+04	6.310e+04	0.68	0.72	2.136e+01
	3.981e+04	6.310e+04	0.72	0.76	1.848e+01
	3.981e+04	6.310e+04	0.76	0.80	1.878e+01
	3.981e+04	6.310e+04	0.80	0.84	1.866e+01
	3.981e+04	6.310e+04	0.84	0.88	1.607e+01
	3.981e+04	6.310e+04	0.88	0.92	1.442e+01
	3.981e+04	6.310e+04	0.92	0.96	1.472e+01
	3.981e+04	6.310e+04	0.96	1.00	1.022e+01
	6.310e+04	1.000e+05	-1.00	-0.96	0.000e+00
	6.310e+04	1.000e+05	-0.96	-0.92	0.000e+00
	6.310e+04	1.000e+05	-0.92	-0.88	0.000e+00
	6.310e+04	1.000e+05	-0.88	-0.84	0.000e+00
	6.310e+04	1.000e+05	-0.84	-0.80	0.000e+00
	6.310e+04	1.000e+05	-0.80	-0.76	0.000e+00
	6.310e+04	1.000e+05	-0.76	-0.72	0.000e+00
	6.310e+04	1.000e+05	-0.72	-0.68	1.554e-02
	6.310e+04	1.000e+05	-0.68	-0.64	1.374e-02
	6.310e+04	1.000e+05	-0.64	-0.60	1.223e-02
	6.310e+04	1.000e+05	-0.60	-0.56	5.360e-02
	6.310e+04	1.000e+05	-0.56	-0.52	6.163e-02
	6.310e+04	1.000e+05	-0.52	-0.48	1.178e-01
	6.310e+04	1.000e+05	-0.48	-0.44	1.369e-01
	6.310e+04	1.000e+05	-0.44	-0.40	2.113e-01
	6.310e+04	1.000e+05	-0.40	-0.36	2.078e-01
	6.310e+04	1.000e+05	-0.36	-0.32	3.019e-01
	6.310e+04	1.000e+05	-0.32	-0.28	4.009e-01
	6.310e+04	1.000e+05	-0.28	-0.24	6.876e-01
	6.310e+04	1.000e+05	-0.24	-0.20	1.099e+00
	6.310e+04	1.000e+05	-0.20	-0.16	2.570e+00
	6.310e+04	1.000e+05	-0.16	-0.12	6.340e+00
	6.310e+04	1.000e+05	-0.12	-0.08	1.691e+01
	6.310e+04	1.000e+05	-0.08	-0.04	3.213e+01
	6.310e+04	1.000e+05	-0.04	0.00	3.562e+01
	6.310e+04	1.000e+05	0.00	0.04	4.125e+01
	6.310e+04	1.000e+05	0.04	0.08	4.472e+01
	6.310e+04	1.000e+05	0.08	0.12	5.258e+01
	6.310e+04	1.000e+05	0.12	0.16	5.669e+01
	6.310e+04	1.000e+05	0.16	0.20	5.925e+01
	6.310e+04	1.000e+05	0.20	0.24	5.147e+01
	6.310e+04	1.000e+05	0.24	0.28	5.489e+01
	6.310e+04	1.000e+05	0.28	0.32	5.244e+01
	6.310e+04	1.000e+05	0.32	0.36	4.643e+01
	6.310e+04	1.000e+05	0.36	0.40	4.656e+01
	6.310e+04	1.000e+05	0.40	0.44	4.482e+01
	6.310e+04	1.000e+05	0.44	0.48	4.278e+01
	6.310e+04	1.000e+05	0.48	0.52	3.996e+01
	6.310e+04	1.000e+05	0.52	0.56	3.229e+01
	6.310e+04	1.000e+05	0.56	0.60	3.891e+01
	6.310e+04	1.000e+05	0.60	0.64	3.166e+01
	6.310e+04	1.000e+05	0.64	0.68	2.972e+01
	6.310e+04	1.000e+05	0.68	0.72	2.972e+01
	6.310e+04	1.000e+05	0.72	0.76	2.860e+01
	6.310e+04	1.000e+05	0.76	0.80	2.672e+01
	6.310e+04	1.000e+05	0.80	0.84	2.340e+01
	6.310e+04	1.000e+05	0.84	0.88	1.931e+01
	6.310e+04	1.000e+05	0.88	0.92	1.846e+01
	6.310e+04	1.000e+05	0.92	0.96	1.365e+01
	6.310e+04	1.000e+05	0.96	1.00	8.850e+00
	1.000e+05	1.585e+05	-1.00	-0.96	0.000e+00
	1.000e+05	1.585e+05	-0.96	-0.92	1.267e-02
	1.000e+05	1.585e+05	-0.92	-0.88	3.444e-02
	1.000e+05	1.585e+05	-0.88	-0.84	1.391e-02
	1.000e+05	1.585e+05	-0.84	-0.80	3.884e-02
	1.000e+05	1.585e+05	-0.80	-0.76	5.514e-02
	1.000e+05	1.585e+05	-0.76	-0.72	7.107e-02
	1.000e+05	1.585e+05	-0.72	-0.68	9.825e-02
	1.000e+05	1.585e+05	-0.68	-0.64	9.785e-02
	1.000e+05	1.585e+05	-0.64	-0.60	1.463e-01
	1.000e+05	1.585e+05	-0.60	-0.56	2.478e-01
	1.000e+05	1.585e+05	-0.56	-0.52	1.937e-01
	1.000e+05	1.585e+05	-0.52	-0.48	3.174e-01
	1.000e+05	1.585e+05	-0.48	-0.44	3.386e-01
	1.000e+05	1.585e+05	-0.44	-0.40	4.925e-01
	1.000e+05	1.585e+05	-0.40	-0.36	8.185e-01
	1.000e+05	1.585e+05	-0.36	-0.32	8.514e-01
	1.000e+05	1.585e+05	-0.32	-0.28	1.520e+00
	1.000e+05	1.585e+05	-0.28	-0.24	1.834e+00
	1.000e+05	1.585e+05	-0.24	-0.20	3.310e+00
	1.000e+05	1.585e+05	-0.20	-0.16	6.913e+00
	1.000e+05	1.585e+05	-0.16	-0.12	1.579e+01
	1.000e+05	1.585e+05	-0.12	-0.08	3.207e+01
	1.000e+05	1.585e+05	-0.08	-0.04	5.349e+01
	1.000e+05	1.585e+05	-0.04	0.00	6.216e+01
	1.000e+05	1.585e+05	0.00	0.04	6.650e+01
	1.000e+05	1.585e+05	0.04	0.08	7.383e+01
	1.000e+05	1.585e+05	0.08	0.12	8.682e+01
	1.000e+05	1.585e+05	0.12	0.16	9.222e+01
	1.000e+05	1.585e+05	0.16	0.20	9.045e+01
	1.000e+05	1.585e+05	0.20	0.24	8.019e+01
	1.000e+05	1.585e+05	0.24	0.28	7.812e+01
	1.000e+05	1.585e+05	0.28	0.32	7.718e+01
	1.000e+05	1.585e+05	0.32	0.36	6.973e+01
	1.000e+05	1.585e+05	0.36	0.40	6.262e+01
	1.000e+05	1.585e+05	0.40	0.44	5.622e+01
	1.000e+05	1.585e+05	0.44	0.48	5.686e+01
	1.000e+05	1.585e+05	0.48	0.52	4.837e+01
	1.000e+05	1.585e+05	0.52	0.56	4.857e+01
	1.000e+05	1.585e+05	0.56	0.60	4.647e+01
	1.000e+05	1.585e+05	0.60	0.64	4.473e+01
	1.000e+05	1.585e+05	0.64	0.68	4.139e+01
	1.000e+05	1.585e+05	0.68	0.72	3.840e+01
	1.000e+05	1.585e+05	0.72	0.76	3.268e+01
	1.000e+05	1.585e+05	0.76	0.80	3.275e+01
	1.000e+05	1.585e+05	0.80	0.84	2.689e+01
	1.000e+05	1.585e+05	0.84	0.88	2.987e+01
	1.000e+05	1.585e+05	0.88	0.92	1.921e+01
	1.000e+05	1.585e+05	0.92	0.96	1.425e+01
	1.000e+05	1.585e+05	0.96	1.00	1.189e+01
	1.585e+05	2.512e+05	-1.00	-0.96	1.133e-01
	1.585e+05	2.512e+05	-0.96	-0.92	1.485e-01
	1.585e+05	2.512e+05	-0.92	-0.88	1.373e-01
	1.585e+05	2.512e+05	-0.88	-0.84	2.750e-01
	1.585e+05	2.512e+05	-0.84	-0.80	2.959e-01
	1.585e+05	2.512e+05	-0.80	-0.76	2.847e-01
	1.585e+05	2.512e+05	-0.76	-0.72	3.841e-01
	1.585e+05	2.512e+05	-0.72	-0.68	4.303e-01
	1.585e+05	2.512e+05	-0.68	-0.64	3.292e-01
	1.585e+05	2.512e+05	-0.64	-0.60	4.512e-01
	1.585e+05	2.512e+05	-0.60	-0.56	7.035e-01
	1.585e+05	2.512e+05	-0.56	-0.52	8.725e-01
	1.585e+05	2.512e+05	-0.52	-0.48	9.537e-01
	1.585e+05	2.512e+05	-0.48	-0.44	9.116e-01
	1.585e+05	2.512e+05	-0.44	-0.40	1.221e+00
	1.585e+05	2.512e+05	-0.40	-0.36	1.961e+00
	1.585e+05	2.512e+05	-0.36	-0.32	2.626e+00
	1.585e+05	2.512e+05	-0.32	-0.28	3.532e+00
	1.585e+05	2.512e+05	-0.28	-0.24	4.862e+00
	1.585e+05	2.512e+05	-0.24	-0.20	8.894e+00
	1.585e+05	2.512e+05	-0.20	-0.16	1.800e+01
	1.585e+05	2.512e+05	-0.16	-0.12	3.133e+01
	1.585e+05	2.512e+05	-0.12	-0.08	5.693e+01
	1.585e+05	2.512e+05	-0.08	-0.04	8.208e+01
	1.585e+05	2.512e+05	-0.04	0.00	9.302e+01
	1.585e+05	2.512e+05	0.00	0.04	9.532e+01
	1.585e+05	2.512e+05	0.04	0.08	1.101e+02
	1.585e+05	2.512e+05	0.08	0.12	1.266e+02
	1.585e+05	2.512e+05	0.12	0.16	1.340e+02
	1.585e+05	2.512e+05	0.16	0.20	1.246e+02
	1.585e+05	2.512e+05	0.20	0.24	1.232e+02
	1.585e+05	2.512e+05	0.24	0.28	1.137e+02
	1.585e+05	2.512e+05	0.28	0.32	1.016e+02
	1.585e+05	2.512e+05	0.32	0.36	9.592e+01
	1.585e+05	2.512e+05	0.36	0.40	8.573e+01
	1.585e+05	2.512e+05	0.40	0.44	8.140e+01
	1.585e+05	2.512e+05	0.44	0.48	8.091e+01
	1.585e+05	2.512e+05	0.48	0.52	6.692e+01
	1.585e+05	2.512e+05	0.52	0.56	6.986e+01
	1.585e+05	2.512e+05	0.56	0.60	6.140e+01
	1.585e+05	2.512e+05	0.60	0.64	5.588e+01
	1.585e+05	2.512e+05	0.64	0.68	5.634e+01
	1.585e+05	2.512e+05	0.68	0.72	4.871e+01
	1.585e+05	2.512e+05	0.72	0.76	4.009e+01
	1.585e+05	2.512e+05	0.76	0.80	3.843e+01
	1.585e+05	2.512e+05	0.80	0.84	4.448e+01
	1.585e+05	2.512e+05	0.84	0.88	2.764e+01
	1.585e+05	2.512e+05	0.88	0.92	1.892e+01
	1.585e+05	2.512e+05	0.92	0.96	1.632e+01
	1.585e+05	2.512e+05	0.96	1.00	1.212e+01
	2.512e+05	3.981e+05	-1.00	-0.96	2.237e-01
	2.512e+05	3.981e+05	-0.96	-0.92	5.634e-01
	2.512e+05	3.981e+05	-0.92	-0.88	9.141e-01
	2.512e+05	3.981e+05	-0.88	-0.84	7.089e-01
	2.512e+05	3.981e+05	-0.84	-0.80	7.818e-01
	2.512e+05	3.981e+05	-0.80	-0.76	1.511e+00
	2.512e+05	3.981e+05	-0.76	-0.72	1.111e+00
	2.512e+05	3.981e+05	-0.72	-0.68	1.655e+00
	2.512e+05	3.981e+05	-0.68	-0.64	1.217e+00
	2.512e+05	3.981e+05	-0.64	-0.60	1.478e+00
	2.512e+05	3.981e+05	-0.60	-0.56	1.566e+00
	2.512e+05	3.981e+05	-0.56	-0.52	2.153e+00
	2.512e+05	3.981e+05	-0.52	-0.48	3.084e+00
	2.512e+05	3.981e+05	-0.48	-0.44	3.462e+00
	2.512e+05	3.981e+05	-0.44	-0.40	4.231e+00
	2.512e+05	3.981e+05	-0.40	-0.36	5.905e+00
	2.512e+05	3.981e+05	-0.36	-0.32	7.527e+00
	2.512e+05	3.981e+05	-0.32	-0.28	9.383e+00
	2.512e+05	3.981e+05	-0.28	-0.24	1.318e+01
	2.512e+05	3.981e+05	-0.24	-0.20	1.905e+01
	2.512e+05	3.981e+05	-0.20	-0.16	3.209e+01
	2.512e+05	3.981e+05	-0.16	-0.12	5.659e+01
	2.512e+05	3.981e+05	-0.12	-0.08	8.577e+01
	2.512e+05	3.981e+05	-0.08	-0.04	1.273e+02
	2.512e+05	3.981e+05	-0.04	0.00	1.377e+02
	2.512e+05	3.981e+05	0.00	0.04	1.412e+02
	2.512e+05	3.981e+05	0.04	0.08	1.767e+02
	2.512e+05	3.981e+05	0.08	0.12	1.968e+02
	2.512e+05	3.981e+05	0.12	0.16	1.852e+02
	2.512e+05	3.981e+05	0.16	0.20	1.869e+02
	2.512e+05	3.981e+05	0.20	0.24	1.629e+02
	2.512e+05	3.981e+05	0.24	0.28	1.597e+02
	2.512e+05	3.981e+05	0.28	0.32	1.302e+02
	2.512e+05	3.981e+05	0.32	0.36	1.265e+02
	2.512e+05	3.981e+05	0.36	0.40	1.256e+02
	2.512e+05	3.981e+05	0.40	0.44	1.032e+02
	2.512e+05	3.981e+05	0.44	0.48	8.896e+01
	2.512e+05	3.981e+05	0.48	0.52	9.856e+01
	2.512e+05	3.981e+05	0.52	0.56	8.610e+01
	2.512e+05	3.981e+05	0.56	0.60	5.835e+01
	2.512e+05	3.981e+05	0.60	0.64	6.625e+01
	2.512e+05	3.981e+05	0.64	0.68	7.479e+01
	2.512e+05	3.981e+05	0.68	0.72	5.158e+01
	2.512e+05	3.981e+05	0.72	0.76	4.993e+01
	2.512e+05	3.981e+05	0.76	0.80	3.795e+01
	2.512e+05	3.981e+05	0.80	0.84	4.267e+01
	2.512e+05	3.981e+05	0.84	0.88	3.506e+01
	2.512e+05	3.981e+05	0.88	0.92	1.735e+01
	2.512e+05	3.981e+05	0.92	0.96	1.179e+01
	2.512e+05	3.981e+05	0.96	1.00	9.130e+00
	3.981e+05	6.310e+05	-1.00	-0.96	1.251e+00
	3.981e+05	6.310e+05	-0.96	-0.92	1.795e+00
	3.981e+05	6.310e+05	-0.92	-0.88	1.855e+00
	3.981e+05	6.310e+05	-0.88	-0.84	2.029e+00
	3.981e+05	6.310e+05	-0.84	-0.80	2.754e+00
	3.981e+05	6.310e+05	-0.80	-0.76	3.323e+00
	3.981e+05	6.310e+05	-0.76	-0.72	3.042e+00
	3.981e+05	6.310e+05	-0.72	-0.68	3.825e+00
	3.981e+05	6.310e+05	-0.68	-0.64	3.543e+00
	3.981e+05	6.310e+05	-0.64	-0.60	4.880e+00
	3.981e+05	6.310e+05	-0.60	-0.56	5.726e+00
	3.981e+05	6.310e+05	-0.56	-0.52	6.614e+00
	3.981e+05	6.310e+05	-0.52	-0.48	9.012e+00
	3.981e+05	6.310e+05	-0.48	-0.44	8.603e+00
	3.981e+05	6.310e+05	-0.44	-0.40	1.075e+01
	3.981e+05	6.310e+05	-0.40	-0.36	1.389e+01
	3.981e+05	6.310e+05	-0.36	-0.32	1.767e+01
	3.981e+05	6.310e+05	-0.32	-0.28	2.446e+01
	3.981e+05	6.310e+05	-0.28	-0.24	3.036e+01
	3.981e+05	6.310e+05	-0.24	-0.20	4.162e+01
	3.981e+05	6.310e+05	-0.20	-0.16	6.150e+01
	3.981e+05	6.310e+05	-0.16	-0.12	9.234e+01
	3.981e+05	6.310e+05	-0.12	-0.08	1.319e+02
	3.981e+05	6.310e+05	-0.08	-0.04	1.690e+02
	3.981e+05	6.310e+05	-0.04	0.00	2.164e+02
	3.981e+05	6.310e+05	0.00	0.04	2.160e+02
	3.981e+05	6.310e+05	0.04	0.08	2.435e+02
	3.981e+05	6.310e+05	0.08	0.12	3.015e+02
	3.981e+05	6.310e+05	0.12	0.16	2.462e+02
	3.981e+05	6.310e+05	0.16	0.20	2.413e+02
	3.981e+05	6.310e+05	0.20	0.24	2.268e+02
	3.981e+05	6.310e+05	0.24	0.28	1.872e+02
	3.981e+05	6.310e+05	0.28	0.32	1.651e+02
	3.981e+05	6.310e+05	0.32	0.36	1.412e+02
	3.981e+05	6.310e+05	0.36	0.40	1.458e+02
	3.981e+05	6.310e+05	0.40	0.44	1.260e+02
	3.981e+05	6.310e+05	0.44	0.48	1.122e+02
	3.981e+05	6.310e+05	0.48	0.52	9.744e+01
	3.981e+05	6.310e+05	0.52	0.56	8.899e+01
	3.981e+05	6.310e+05	0.56	0.60	8.081e+01
	3.981e+05	6.310e+05	0.60	0.64	6.955e+01
	3.981e+05	6.310e+05	0.64	0.68	5.403e+01
	3.981e+05	6.310e+05	0.68	0.72	6.422e+01
	3.981e+05	6.310e+05	0.72	0.76	4.803e+01
	3.981e+05	6.310e+05	0.76	0.80	4.203e+01
	3.981e+05	6.310e+05	0.80	0.84	4.869e+01
	3.981e+05	6.310e+05	0.84	0.88	2.672e+01
	3.981e+05	6.310e+05	0.88	0.92	2.452e+01
	3.981e+05	6.310e+05	0.92	0.96	9.764e+00
	3.981e+05	6.310e+05	0.96	1.00	7.934e+00
	6.310e+05	1.000e+06	-1.00	-0.96	3.539e+00
	6.310e+05	1.000e+06	-0.96	-0.92	4.665e+00
	6.310e+05	1.000e+06	-0.92	-0.88	5.250e+00
	6.310e+05	1.000e+06	-0.88	-0.84	6.961e+00
	6.310e+05	1.000e+06	-0.84	-0.80	7.114e+00
	6.310e+05	1.000e+06	-0.80	-0.76	6.983e+00
	6.310e+05	1.000e+06	-0.76	-0.72	9.106e+00
	6.310e+05	1.000e+06	-0.72	-0.68	9.321e+00
	6.310e+05	1.000e+06	-0.68	-0.64	1.066e+01
	6.310e+05	1.000e+06	-0.64	-0.60	1.281e+01
	6.310e+05	1.000e+06	-0.60	-0.56	1.395e+01
	6.310e+05	1.000e+06	-0.56	-0.52	1.665e+01
	6.310e+05	1.000e+06	-0.52	-0.48	1.996e+01
	6.310e+05	1.000e+06	-0.48	-0.44	2.289e+01
	6.310e+05	1.000e+06	-0.44	-0.40	2.536e+01
	6.310e+05	1.000e+06	-0.40	-0.36	3.121e+01
	6.310e+05	1.000e+06	-0.36	-0.32	4.021e+01
	6.310e+05	1.000e+06	-0.32	-0.28	5.123e+01
	6.310e+05	1.000e+06	-0.28	-0.24	5.963e+01
	6.310e+05	1.000e+06	-0.24	-0.20	8.035e+01
	6.310e+05	1.000e+06	-0.20	-0.16	1.046e+02
	6.310e+05	1.000e+06	-0.16	-0.12	1.426e+02
	6.310e+05	1.000e+06	-0.12	-0.08	1.981e+02
	6.310e+05	1.000e+06	-0.08	-0.04	2.751e+02
	6.310e+05	1.000e+06	-0.04	0.00	2.994e+02
	6.310e+05	1.000e+06	0.00	0.04	3.007e+02
	6.310e+05	1.000e+06	0.04	0.08	3.550e+02
	6.310e+05	1.000e+06	0.08	0.12	3.771e+02
	6.310e+05	1.000e+06	0.12	0.16	3.363e+02
	6.310e+05	1.000e+06	0.16	0.20	2.919e+02
	6.310e+05	1.000e+06	0.20	0.24	2.668e+02
	6.310e+05	1.000e+06	0.24	0.28	2.503e+02
	6.310e+05	1.000e+06	0.28	0.32	2.070e+02
	6.310e+05	1.000e+06	0.32	0.36	1.798e+02
	6.310e+05	1.000e+06	0.36	0.40	1.619e+02
	6.310e+05	1.000e+06	0.40	0.44	1.428e+02
	6.310e+05	1.000e+06	0.44	0.48	1.277e+02
	6.310e+05	1.000e+06	0.48	0.52	9.796e+01
	6.310e+05	1.000e+06	0.52	0.56	9.789e+01
	6.310e+05	1.000e+06	0.56	0.60	9.503e+01
	6.310e+05	1.000e+06	0.60	0.64	7.749e+01
	6.310e+05	1.000e+06	0.64	0.68	6.706e+01
	6.310e+05	1.000e+06	0.68	0.72	5.612e+01
	6.310e+05	1.000e+06	0.72	0.76	4.753e+01
	6.310e+05	1.000e+06	0.76	0.80	4.732e+01
	6.310e+05	1.000e+06	0.80	0.84	3.603e+01
	6.310e+05	1.000e+06	0.84	0.88	2.520e+01
	6.310e+05	1.000e+06	0.88	0.92	1.381e+01
	6.310e+05	1.000e+06	0.92	0.96	9.363e+00
	6.310e+05	1.000e+06	0.96	1.00	5.007e+00
	1.000e+06	1.585e+06	-1.00	-0.96	8.675e+00
	1.000e+06	1.585e+06	-0.96	-0.92	1.114e+01
	1.000e+06	1.585e+06	-0.92	-0.88	1.321e+01
	1.000e+06	1.585e+06	-0.88	-0.84	1.579e+01
	1.000e+06	1.585e+06	-0.84	-0.80	1.587e+01
	1.000e+06	1.585e+06	-0.80	-0.76	1.888e+01
	1.000e+06	1.585e+06	-0.76	-0.72	1.956e+01
	1.000e+06	1.585e+06	-0.72	-0.68	2.368e+01
	1.000e+06	1.585e+06	-0.68	-0.64	2.359e+01
	1.000e+06	1.585e+06	-0.64	-0.60	2.715e+01
	1.000e+06	1.585e+06	-0.60	-0.56	3.226e+01
	1.000e+06	1.585e+06	-0.56	-0.52	3.784e+01
	1.000e+06	1.585e+06	-0.52	-0.48	3.870e+01
	1.000e+06	1.585e+06	-0.48	-0.44	4.811e+01
	1.000e+06	1.585e+06	-0.44	-0.40	5.515e+01
	1.000e+06	1.585e+06	-0.40	-0.36	6.115e+01
	1.000e+06	1.585e+06	-0.36	-0.32	7.821e+01
	1.000e+06	1.585e+06	-0.32	-0.28	8.277e+01
	1.000e+06	1.585e+06	-0.28	-0.24	9.919e+01
	1.000e+06	1.585e+06	-0.24	-0.20	1.295e+02
	1.000e+06	1.585e+06	-0.20	-0.16	1.624e+02
	1.000e+06	1.585e+06	-0.16	-0.12	2.179e+02
	1.000e+06	1.585e+06	-0.12	-0.08	2.984e+02
	1.000e+06	1.585e+06	-0.08	-0.04	3.546e+02
	1.000e+06	1.585e+06	-0.04	0.00	3.942e+02
	1.000e+06	1.585e+06	0.00	0.04	4.082e+02
	1.000e+06	1.585e+06	0.04	0.08	4.763e+02
	1.000e+06	1.585e+06	0.08	0.12	5.050e+02
	1.000e+06	1.585e+06	0.12	0.16	4.233e+02
	1.000e+06	1.585e+06	0.16	0.20	3.860e+02
	1.000e+06	1.585e+06	0.20	0.24	3.461e+02
	1.000e+06	1.585e+06	0.24	0.28	2.843e+02
	1.000e+06	1.585e+06	0.28	0.32	2.452e+02
	1.000e+06	1.585e+06	0.32	0.36	2.141e+02
	1.000e+06	1.585e+06	0.36	0.40	1.814e+02
	1.000e+06	1.585e+06	0.40	0.44	1.502e+02
	1.000e+06	1.585e+06	0.44	0.48	1.396e+02
	1.000e+06	1.585e+06	0.48	0.52	1.376e+02
	1.000e+06	1.585e+06	0.52	0.56	1.137e+02
	1.000e+06	1.585e+06	0.56	0.60	9.389e+01
	1.000e+06	1.585e+06	0.60	0.64	7.267e+01
	1.000e+06	1.585e+06	0.64	0.68	5.918e+01
	1.000e+06	1.585e+06	0.68	0.72	5.965e+01
	1.000e+06	1.585e+06	0.72	0.76	4.473e+01
	1.000e+06	1.585e+06	0.76	0.80	4.148e+01
	1.000e+06	1.585e+06	0.80	0.84	2.664e+01
	1.000e+06	1.585e+06	0.84	0.88	1.668e+01
	1.000e+06	1.585e+06	0.88	0.92	7.010e+00
	1.000e+06	1.585e+06	0.92	0.96	7.993e+00
	1.000e+06	1.585e+06	0.96	1.00	4.179e+00
	1.585e+06	2.512e+06	-1.00	-0.96	1.985e+01
	1.585e+06	2.512e+06	-0.96	-0.92	2.742e+01
	1.585e+06	2.512e+06	-0.92	-0.88	3.011e+01
	1.585e+06	2.512e+06	-0.88	-0.84	3.227e+01
	1.585e+06	2.512e+06	-0.84	-0.80	3.554e+01
	1.585e+06	2.512e+06	-0.80	-0.76	3.995e+01
	1.585e+06	2.512e+06	-0.76	-0.72	4.331e+01
	1.585e+06	2.512e+06	-0.72	-0.68	4.877e+01
	1.585e+06	2.512e+06	-0.68	-0.64	5.191e+01
	1.585e+06	2.512e+06	-0.64	-0.60	5.827e+01
	1.585e+06	2.512e+06	-0.60	-0.56	6.519e+01
	1.585e+06	2.512e+06	-0.56	-0.52	7.147e+01
	1.585e+06	2.512e+06	-0.52	-0.48	7.749e+01
	1.585e+06	2.512e+06	-0.48	-0.44	8.730e+01
	1.585e+06	2.512e+06	-0.44	-0.40	9.599e+01
	1.585e+06	2.512e+06	-0.40	-0.36	1.131e+02
	1.585e+06	2.512e+06	-0.36	-0.32	1.333e+02
	1.585e+06	2.512e+06	-0.32	-0.28	1.476e+02
	1.585e+06	2.512e+06	-0.28	-0.24	1.589e+02
	1.585e+06	2.512e+06	-0.24	-0.20	2.095e+02
	1.585e+06	2.512e+06	-0.20	-0.16	2.470e+02
	1.585e+06	2.512e+06	-0.16	-0.12	3.012e+02
	1.585e+06	2.512e+06	-0.12	-0.08	3.911e+02
	1.585e+06	2.512e+06	-0.08	-0.04	5.241e+02
	1.585e+06	2.512e+06	-0.04	0.00	5.665e+02
	1.585e+06	2.512e+06	0.00	0.04	5.626e+02
	1.585e+06	2.512e+06	0.04	0.08	6.289e+02
	1.585e+06	2.512e+06	0.08	0.12	6.200e+02
	1.585e+06	2.512e+06	0.12	0.16	5.621e+02
	1.585e+06	2.512e+06	0.16	0.20	4.884e+02
	1.585e+06	2.512e+06	0.20	0.24	4.098e+02
	1.585e+06	2.512e+06	0.24	0.28	3.469e+02
	1.585e+06	2.512e+06	0.28	0.32	2.599e+02
	1.585e+06	2.512e+06	0.32	0.36	2.252e+02
	1.585e+06	2.512e+06	0.36	0.40	2.152e+02
	1.585e+06	2.512e+06	0.40	0.44	1.586e+02
	1.585e+06	2.512e+06	0.44	0.48	1.389e+02
	1.585e+06	2.512e+06	0.48	0.52	1.193e+02
	1.585e+06	2.512e+06	0.52	0.56	1.079e+02
	1.585e+06	2.512e+06	0.56	0.60	7.301e+01
	1.585e+06	2.512e+06	0.60	0.64	6.971e+01
	1.585e+06	2.512e+06	0.64	0.68	5.771e+01
	1.585e+06	2.512e+06	0.68	0.72	4.640e+01
	1.585e+06	2.512e+06	0.72	0.76	4.332e+01
	1.585e+06	2.512e+06	0.76	0.80	3.117e+01
	1.585e+06	2.512e+06	0.80	0.84	1.920e+01
	1.585e+06	2.512e+06	0.84	0.88	9.395e+00
	1.585e+06	2.512e+06	0.88	0.92	4.209e+00
	1.585e+06	2.512e+06	0.92	0.96	1.094e+00
	1.585e+06	2.512e+06	0.96	1.00	1.953e+00
	2.512e+06	3.981e+06	-1.00	-0.96	3.761e+01
	2.512e+06	3.981e+06	-0.96	-0.92	4.351e+01
	2.512e+06	3.981e+06	-0.92	-0.88	5.085e+01
	2.512e+06	3.981e+06	-0.88	-0.84	5.171e+01
	2.512e+06	3.981e+06	-0.84	-0.80	5.812e+01
	2.512e+06	3.981e+06	-0.80	-0.76	6.644e+01
	2.512e+06	3.981e+06	-0.76	-0.72	7.112e+01
	2.512e+06	3.981e+06	-0.72	-0.68	8.348e+01
	2.512e+06	3.981e+06	-0.68	-0.64	9.053e+01
	2.512e+06	3.981e+06	-0.64	-0.60	9.800e+01
	2.512e+06	3.981e+06	-0.60	-0.56	1.047e+02
	2.512e+06	3.981e+06	-0.56	-0.52	1.056e+02
	2.512e+06	3.981e+06	-0.52	-0.48	1.180e+02
	2.512e+06	3.981e+06	-0.48	-0.44	1.376e+02
	2.512e+06	3.981e+06	-0.44	-0.40	1.540e+02
	2.512e+06	3.981e+06	-0.40	-0.36	1.674e+02
	2.512e+06	3.981e+06	-0.36	-0.32	1.830e+02
	2.512e+06	3.981e+06	-0.32	-0.28	2.116e+02
	2.512e+06	3.981e+06	-0.28	-0.24	2.459e+02
	2.512e+06	3.981e+06	-0.24	-0.20	2.854e+02
	2.512e+06	3.981e+06	-0.20	-0.16	3.512e+02
	2.512e+06	3.981e+06	-0.16	-0.12	4.487e+02
	2.512e+06	3.981e+06	-0.12	-0.08	5.615e+02
	2.512e+06	3.981e+06	-0.08	-0.04	6.643e+02
	2.512e+06	3.981e+06	-0.04	0.00	7.466e+02
	2.512e+06	3.981e+06	0.00	0.04	7.855e+02
	2.512e+06	3.981e+06	0.04	0.08	8.240e+02
	2.512e+06	3.981e+06	0.08	0.12	7.984e+02
	2.512e+06	3.981e+06	0.12	0.16	6.959e+02
	2.512e+06	3.981e+06	0.16	0.20	5.943e+02
	2.512e+06	3.981e+06	0.20	0.24	4.532e+02
	2.512e+06	3.981e+06	0.24	0.28	3.890e+02
	2.512e+06	3.981e+06	0.28	0.32	3.034e+02
	2.512e+06	3.981e+06	0.32	0.36	2.845e+02
	2.512e+06	3.981e+06	0.36	0.40	2.331e+02
	2.512e+06	3.981e+06	0.40	0.44	1.579e+02
	2.512e+06	3.981e+06	0.44	0.48	1.334e+02
	2.512e+06	3.981e+06	0.48	0.52	1.232e+02
	2.512e+06	3.981e+06	0.52	0.56	8.032e+01
	2.512e+06	3.981e+06	0.56	0.60	6.667e+01
	2.512e+06	3.981e+06	0.60	0.64	5.157e+01
	2.512e+06	3.981e+06	0.64	0.68	4.851e+01
	2.512e+06	3.981e+06	0.68	0.72	5.063e+01
	2.512e+06	3.981e+06	0.72	0.76	2.948e+01
	2.512e+06	3.981e+06	0.76	0.80	2.956e+01
	2.512e+06	3.981e+06	0.80	0.84	1.155e+01
	2.512e+06	3.981e+06	0.84	0.88	1.142e+01
	2.512e+06	3.981e+06	0.88	0.92	3.574e+00
	2.512e+06	3.981e+06	0.92	0.96	1.410e+00
	2.512e+06	3.981e+06	0.96	1.00	5.400e-01
	3.981e+06	6.310e+06	-1.00	-0.96	5.450e+01
	3.981e+06	6.310e+06	-0.96	-0.92	6.325e+01
	3.981e+06	6.310e+06	-0.92	-0.88	7.286e+01
	3.981e+06	6.310e+06	-0.88	-0.84	8.126e+01
	3.981e+06	6.310e+06	-0.84	-0.80	8.013e+01
	3.981e+06	6.310e+06	-0.80	-0.76	9.336e+01
	3.981e+06	6.310e+06	-0.76	-0.72	1.051e+02
	3.981e+06	6.310e+06	-0.72	-0.68	1.200e+02
	3.981e+06	6.310e+06	-0.68	-0.64	1.182e+02
	3.981e+06	6.310e+06	-0.64	-0.60	1.247e+02
	3.981e+06	6.310e+06	-0.60	-0.56	1.491e+02
	3.981e+06	6.310e+06	-0.56	-0.52	1.567e+02
	3.981e+06	6.310e+06	-0.52	-0.48	1.730e+02
	3.981e+06	6.310e+06	-0.48	-0.44	1.935e+02
	3.981e+06	6.310e+06	-0.44	-0.40	2.154e+02
	3.981e+06	6.310e+06	-0.40	-0.36	2.446e+02
	3.981e+06	6.310e+06	-0.36	-0.32	2.615e+02
	3.981e+06	6.310e+06	-0.32	-0.28	2.787e+02
	3.981e+06	6.310e+06	-0.28	-0.24	3.352e+02
	3.981e+06	6.310e+06	-0.24	-0.20	3.919e+02
	3.981e+06	6.310e+06	-0.20	-0.16	4.815e+02
	3.981e+06	6.310e+06	-0.16	-0.12	5.974e+02
	3.981e+06	6.310e+06	-0.12	-0.08	7.237e+02
	3.981e+06	6.310e+06	-0.08	-0.04	8.713e+02
	3.981e+06	6.310e+06	-0.04	0.00	1.006e+03
	3.981e+06	6.310e+06	0.00	0.04	1.003e+03
	3.981e+06	6.310e+06	0.04	0.08	1.164e+03
	3.981e+06	6.310e+06	0.08	0.12	1.009e+03
	3.981e+06	6.310e+06	0.12	0.16	7.660e+02
	3.981e+06	6.310e+06	0.16	0.20	6.401e+02
	3.981e+06	6.310e+06	0.20	0.24	5.179e+02
	3.981e+06	6.310e+06	0.24	0.28	3.884e+02
	3.981e+06	6.310e+06	0.28	0.32	3.673e+02
	3.981e+06	6.310e+06	0.32	0.36	2.653e+02
	3.981e+06	6.310e+06	0.36	0.40	2.139e+02
	3.981e+06	6.310e+06	0.40	0.44	1.373e+02
	3.981e+06	6.310e+06	0.44	0.48	1.038e+02
	3.981e+06	6.310e+06	0.48	0.52	1.210e+02
	3.981e+06	6.310e+06	0.52	0.56	5.889e+01
	3.981e+06	6.310e+06	0.56	0.60	4.206e+01
	3.981e+06	6.310e+06	0.60	0.64	3.643e+01
	3.981e+06	6.310e+06	0.64	0.68	4.116e+01
	3.981e+06	6.310e+06	0.68	0.72	2.928e+01
	3.981e+06	6.310e+06	0.72	0.76	2.515e+01
	3.981e+06	6.310e+06	0.76	0.80	1.690e+01
	3.981e+06	6.310e+06	0.80	0.84	1.462e+01
	3.981e+06	6.310e+06	0.84	0.88	6.236e+00
	3.981e+06	6.310e+06	0.88	0.92	3.840e+00
	3.981e+06	6.310e+06	0.92	0.96	9.709e-01
	3.981e+06	6.310e+06	0.96	1.00	3.648e-02
	6.310e+06	1.000e+07	-1.00	-0.96	8.308e+01
	6.310e+06	1.000e+07	-0.96	-0.92	9.243e+01
	6.310e+06	1.000e+07	-0.92	-0.88	9.962e+01
	6.310e+06	1.000e+07	-0.88	-0.84	1.067e+02
	6.310e+06	1.000e+07	-0.84	-0.80	1.073e+02
	6.310e+06	1.000e+07	-0.80	-0.76	1.287e+02
	6.310e+06	1.000e+07	-0.76	-0.72	1.327e+02
	6.310e+06	1.000e+07	-0.72	-0.68	1.493e+02
	6.310e+06	1.000e+07	-0.68	-0.64	1.602e+02
	6.310e+06	1.000e+07	-0.64	-0.60	1.735e+02
	6.310e+06	1.000e+07	-0.60	-0.56	1.923e+02
	6.310e+06	1.000e+07	-0.56	-0.52	2.121e+02
	6.310e+06	1.000e+07	-0.52	-0.48	2.417e+02
	6.310e+06	1.000e+07	-0.48	-0.44	2.421e+02
	6.310e+06	1.000e+07	-0.44	-0.40	2.913e+02
	6.310e+06	1.000e+07	-0.40	-0.36	3.237e+02
	6.310e+06	1.000e+07	-0.36	-0.32	3.424e+02
	6.310e+06	1.000e+07	-0.32	-0.28	4.072e+02
	6.310e+06	1.000e+07	-0.28	-0.24	4.536e+02
	6.310e+06	1.000e+07	-0.24	-0.20	5.460e+02
	6.310e+06	1.000e+07	-0.20	-0.16	6.417e+02
	6.310e+06	1.000e+07	-0.16	-0.12	8.157e+02
	6.310e+06	1.000e+07	-0.12	-0.08	9.919e+02
	6.310e+06	1.000e+07	-0.08	-0.04	1.219e+03
	6.310e+06	1.000e+07	-0.04	0.00	1.305e+03
	6.310e+06	1.000e+07	0.00	0.04	1.320e+03
	6.310e+06	1.000e+07	0.04	0.08	1.402e+03
	6.310e+06	1.000e+07	0.08	0.12	1.184e+03
	6.310e+06	1.000e+07	0.12	0.16	8.808e+02
	6.310e+06	1.000e+07	0.16	0.20	6.700e+02
	6.310e+06	1.000e+07	0.20	0.24	4.883e+02
	6.310e+06	1.000e+07	0.24	0.28	4.221e+02
	6.310e+06	1.000e+07	0.28	0.32	3.133e+02
	6.310e+06	1.000e+07	0.32	0.36	2.975e+02
	6.310e+06	1.000e+07	0.36	0.40	1.986e+02
	6.310e+06	1.000e+07	0.40	0.44	1.468e+02
	6.310e+06	1.000e+07	0.44	0.48	1.149e+02
	6.310e+06	1.000e+07	0.48	0.52	7.007e+01
	6.310e+06	1.000e+07	0.52	0.56	6.438e+01
	6.310e+06	1.000e+07	0.56	0.60	2.286e+01
	6.310e+06	1.000e+07	0.60	0.64	2.550e+01
	6.310e+06	1.000e+07	0.64	0.68	2.200e+01
	6.310e+06	1.000e+07	0.68	0.72	1.402e+01
	6.310e+06	1.000e+07	0.72	0.76	1.207e+01
	6.310e+06	1.000e+07	0.76	0.80	5.999e+00
	6.310e+06	1.000e+07	0.80	0.84	3.100e+00
	6.310e+06	1.000e+07	0.84	0.88	3.559e+00
	6.310e+06	1.000e+07	0.88	0.92	6.357e-02
	6.310e+06	1.000e+07	0.92	0.96	0.000e+00
	6.310e+06	1.000e+07	0.96	1.00	4.664e-01
	1.000e+07	1.585e+07	-1.00	-0.96	9.934e+01
	1.000e+07	1.585e+07	-0.96	-0.92	1.099e+02
	1.000e+07	1.585e+07	-0.92	-0.88	1.315e+02
	1.000e+07	1.585e+07	-0.88	-0.84	1.281e+02
	1.000e+07	1.585e+07	-0.84	-0.80	1.425e+02
	1.000e+07	1.585e+07	-0.80	-0.76	1.556e+02
	1.000e+07	1.585e+07	-0.76	-0.72	1.669e+02
	1.000e+07	1.585e+07	-0.72	-0.68	1.840e+02
	1.000e+07	1.585e+07	-0.68	-0.64	1.963e+02
	1.000e+07	1.585e+07	-0.64	-0.60	2.121e+02
	1.000e+07	1.585e+07	-0.60	-0.56	2.437e+02
	1.000e+07	1.585e+07	-0.56	-0.52	2.559e+02
	1.000e+07	1.585e+07	-0.52	-0.48	2.726e+02
	1.000e+07	1.585e+07	-0.48	-0.44	3.084e+02
	1.000e+07	1.585e+07	-0.44	-0.40	3.608e+02
	1.000e+07	1.585e+07	-0.40	-0.36	3.920e+02
	1.000e+07	1.585e+07	-0.36	-0.32	4.385e+02
	1.000e+07	1.585e+07	-0.32	-0.28	4.961e+02
	1.000e+07	1.585e+07	-0.28	-0.24	5.937e+02
	1.000e+07	1.585e+07	-0.24	-0.20	6.696e+02
	1.000e+07	1.585e+07	-0.20	-0.16	7.993e+02
	1.000e+07	1.585e+07	-0.16	-0.12	1.038e+03
	1.000e+07	1.585e+07	-0.12	-0.08	1.274e+03
	1.000e+07	1.585e+07	-0.08	-0.04	1.541e+03
	1.000e+07	1.585e+07	-0.04	0.00	1.637e+03
	1.000e+07	1.585e+07	0.00	0.04	1.704e+03
	1.000e+07	1.585e+07	0.04	0.08	1.686e+03
	1.000e+07	1.585e+07	0.08	0.12	1.517e+03
	1.000e+07	1.585e+07	0.12	0.16	1.002e+03
	1.000e+07	1.585e+07	0.16	0.20	7.550e+02
	1.000e+07	1.585e+07	0.20	0.24	5.575e+02
	1.000e+07	1.585e+07	0.24	0.28	4.083e+02
	1.000e+07	1.585e+07	0.28	0.32	2.710e+02
	1.000e+07	1.585e+07	0.32	0.36	2.609e+02
	1.000e+07	1.585e+07	0.36	0.40	1.713e+02
	1.000e+07	1.585e+07	0.40	0.44	1.354e+02
	1.000e+07	1.585e+07	0.44	0.48	9.230e+01
	1.000e+07	1.585e+07	0.48	0.52	6.176e+01
	1.000e+07	1.585e+07	0.52	0.56	2.305e+01
	1.000e+07	1.585e+07	0.56	0.60	2.525e+01
	1.000e+07	1.585e+07	0.60	0.64	1.782e+01
	1.000e+07	1.585e+07	0.64	0.68	1.460e+01
	1.000e+07	1.585e+07	0.68	0.72	7.190e+00
	1.000e+07	1.585e+07	0.72	0.76	6.241e-01
	1.000e+07	1.585e+07	0.76	0.80	2.043e+00
	1.000e+07	1.585e+07	0.80	0.84	4.125e+00
	1.000e+07	1.585e+07	0.84	0.88	2.555e+00
	1.000e+07	1.585e+07	0.88	0.92	4.149e-01
	1.000e+07	1.585e+07	0.92	0.96	0.000e+00
	1.000e+07	1.585e+07	0.96	1.00	0.000e+00
	1.585e+07	2.512e+07	-1.00	-0.96	1.225e+02
	1.585e+07	2.512e+07	-0.96	-0.92	1.257e+02
	1.585e+07	2.512e+07	-0.92	-0.88	1.459e+02
	1.585e+07	2.512e+07	-0.88	-0.84	1.538e+02
	1.585e+07	2.512e+07	-0.84	-0.80	1.769e+02
	1.585e+07	2.512e+07	-0.80	-0.76	1.880e+02
	1.585e+07	2.512e+07	-0.76	-0.72	2.035e+02
	1.585e+07	2.512e+07	-0.72	-0.68	2.303e+02
	1.585e+07	2.512e+07	-0.68	-0.64	2.415e+02
	1.585e+07	2.512e+07	-0.64	-0.60	2.632e+02
	1.585e+07	2.512e+07	-0.60	-0.56	2.896e+02
	1.585e+07	2.512e+07	-0.56	-0.52	3.273e+02
	1.585e+07	2.512e+07	-0.52	-0.48	3.495e+02
	1.585e+07	2.512e+07	-0.48	-0.44	3.742e+02
	1.585e+07	2.512e+07	-0.44	-0.40	4.290e+02
	1.585e+07	2.512e+07	-0.40	-0.36	5.006e+02
	1.585e+07	2.512e+07	-0.36	-0.32	5.475e+02
	1.585e+07	2.512e+07	-0.32	-0.28	6.514e+02
	1.585e+07	2.512e+07	-0.28	-0.24	7.160e+02
	1.585e+07	2.512e+07	-0.24	-0.20	8.355e+02
	1.585e+07	2.512e+07	-0.20	-0.16	1.029e+03
	1.585e+07	2.512e+07	-0.16	-0.12	1.260e+03
	1.585e+07	2.512e+07	-0.12	-0.08	1.660e+03
	1.585e+07	2.512e+07	-0.08	-0.04	1.980e+03
	1.585e+07	2.512e+07	-0.04	0.00	2.195e+03
	1.585e+07	2.512e+07	0.00	0.04	2.091e+03
	1.585e+07	2.512e+07	0.04	0.08	2.044e+03
	1.585e+07	2.512e+07	0.08	0.12	1.720e+03
	1.585e+07	2.512e+07	0.12	0.16	1.151e+03
	1.585e+07	2.512e+07	0.16	0.20	7.448e+02
	1.585e+07	2.512e+07	0.20	0.24	5.027e+02
	1.585e+07	2.512e+07	0.24	0.28	4.153e+02
	1.585e+07	2.512e+07	0.28	0.32	3.287e+02
	1.585e+07	2.512e+07	0.32	0.36	1.766e+02
	1.585e+07	2.512e+07	0.36	0.40	1.242e+02
	1.585e+07	2.512e+07	0.40	0.44	1.114e+02
	1.585e+07	2.512e+07	0.44	0.48	5.219e+01
	1.585e+07	2.512e+07	0.48	0.52	5.023e+01
	1.585e+07	2.512e+07	0.52	0.56	2.666e+01
	1.585e+07	2.512e+07	0.56	0.60	9.604e+00
	1.585e+07	2.512e+07	0.60	0.64	3.639e+00
	1.585e+07	2.512e+07	0.64	0.68	9.781e+00
	1.585e+07	2.512e+07	0.68	0.72	8.537e+00
	1.585e+07	2.512e+07	0.72	0.76	1.412e+01
	1.585e+07	2.512e+07	0.76	0.80	2.485e+00
	1.585e+07	2.512e+07	0.80	0.84	0.000e+00
	1.585e+07	2.512e+07	0.84	0.88	0.000e+00
	1.585e+07	2.512e+07	0.88	0.92	5.976e-01
	1.585e+07	2.512e+07	0.92	0.96	1.505e-01
	1.585e+07	2.512e+07	0.96	1.00	3.800e-01
	2.512e+07	3.981e+07	-1.00	-0.96	1.416e+02
	2.512e+07	3.981e+07	-0.96	-0.92	1.507e+02
	2.512e+07	3.981e+07	-0.92	-0.88	1.604e+02
	2.512e+07	3.981e+07	-0.88	-0.84	1.920e+02
	2.512e+07	3.981e+07	-0.84	-0.80	1.986e+02
	2.512e+07	3.981e+07	-0.80	-0.76	2.028e+02
	2.512e+07	3.981e+07	-0.76	-0.72	2.461e+02
	2.512e+07	3.981e+07	-0.72	-0.68	2.471e+02
	2.512e+07	3.981e+07	-0.68	-0.64	2.885e+02
	2.512e+07	3.981e+07	-0.64	-0.60	3.153e+02
	2.512e+07	3.981e+07	-0.60	-0.56	3.254e+02
	2.512e+07	3.981e+07	-0.56	-0.52	3.650e+02
	2.512e+07	3.981e+07	-0.52	-0.48	3.925e+02
	2.512e+07	3.981e+07	-0.48	-0.44	4.767e+02
	2.512e+07	3.981e+07	-0.44	-0.40	5.314e+02
	2.512e+07	3.981e+07	-0.40	-0.36	6.046e+02
	2.512e+07	3.981e+07	-0.36	-0.32	6.938e+02
	2.512e+07	3.981e+07	-0.32	-0.28	7.805e+02
	2.512e+07	3.981e+07	-0.28	-0.24	9.228e+02
	2.512e+07	3.981e+07	-0.24	-0.20	1.044e+03
	2.512e+07	3.981e+07	-0.20	-0.16	1.273e+03
	2.512e+07	3.981e+07	-0.16	-0.12	1.635e+03
	2.512e+07	3.981e+07	-0.12	-0.08	2.076e+03
	2.512e+07	3.981e+07	-0.08	-0.04	2.583e+03
	2.512e+07	3.981e+07	-0.04	0.00	2.634e+03
	2.512e+07	3.981e+07	0.00	0.04	2.605e+03
	2.512e+07	3.981e+07	0.04	0.08	2.465e+03
	2.512e+07	3.981e+07	0.08	0.12	1.703e+03
	2.512e+07	3.981e+07	0.12	0.16	1.234e+03
	2.512e+07	3.981e+07	0.16	0.20	7.430e+02
	2.512e+07	3.981e+07	0.20	0.24	5.221e+02
	2.512e+07	3.981e+07	0.24	0.28	3.961e+02
	2.512e+07	3.981e+07	0.28	0.32	2.337e+02
	2.512e+07	3.981e+07	0.32	0.36	1.762e+02
	2.512e+07	3.981e+07	0.36	0.40	1.395e+02
	2.512e+07	3.981e+07	0.40	0.44	3.279e+01
	2.512e+07	3.981e+07	0.44	0.48	4.134e+01
	2.512e+07	3.981e+07	0.48	0.52	1.684e+01
	2.512e+07	3.981e+07	0.52	0.56	3.254e+01
	2.512e+07	3.981e+07	0.56	0.60	3.017e+00
	2.512e+07	3.981e+07	0.60	0.64	9.181e+00
	2.512e+07	3.981e+07	0.64	0.68	4.935e+00
	2.512e+07	3.981e+07	0.68	0.72	5.704e+00
	2.512e+07	3.981e+07	0.72	0.76	0.000e+00
	2.512e+07	3.981e+07	0.76	0.80	2.913e+00
	2.512e+07	3.981e+07	0.80	0.84	0.000e+00
	2.512e+07	3.981e+07	0.84	0.88	0.000e+00
	2.512e+07	3.981e+07	0.88	0.92	9.968e-01
	2.512e+07	3.981e+07	0.92	0.96	5.037e-02
	2.512e+07	3.981e+07	0.96	1.00	0.000e+00
	3.981e+07	6.310e+07	-1.00	-0.96	1.634e+02
	3.981e+07	6.310e+07	-0.96	-0.92	1.599e+02
	3.981e+07	6.310e+07	-0.92	-0.88	1.843e+02
	3.981e+07	6.310e+07	-0.88	-0.84	1.890e+02
	3.981e+07	6.310e+07	-0.84	-0.80	2.097e+02
	3.981e+07	6.310e+07	-0.80	-0.76	2.349e+02
	3.981e+07	6.310e+07	-0.76	-0.72	2.620e+02
	3.981e+07	6.310e+07	-0.72	-0.68	2.762e+02
	3.981e+07	6.310e+07	-0.68	-0.64	3.124e+02
	3.981e+07	6.310e+07	-0.64	-0.60	3.244e+02
	3.981e+07	6.310e+07	-0.60	-0.56	3.889e+02
	3.981e+07	6.310e+07	-0.56	-0.52	4.340e+02
	3.981e+07	6.310e+07	-0.52	-0.48	5.048e+02
	3.981e+07	6.310e+07	-0.48	-0.44	5.457e+02
	3.981e+07	6.310e+07	-0.44	-0.40	6.238e+02
	3.981e+07	6.310e+07	-0.40	-0.36	6.944e+02
	3.981e+07	6.310e+07	-0.36	-0.32	7.893e+02
	3.981e+07	6.310e+07	-0.32	-0.28	9.130e+02
	3.981e+07	6.310e+07	-0.28	-0.24	1.060e+03
	3.981e+07	6.310e+07	-0.24	-0.20	1.235e+03
	3.981e+07	6.310e+07	-0.20	-0.16	1.514e+03
	3.981e+07	6.310e+07	-0.16	-0.12	2.046e+03
	3.981e+07	6.310e+07	-0.12	-0.08	2.681e+03
	3.981e+07	6.310e+07	-0.08	-0.04	3.212e+03
	3.981e+07	6.310e+07	-0.04	0.00	3.504e+03
	3.981e+07	6.310e+07	0.00	0.04	3.337e+03
	3.981e+07	6.310e+07	0.04	0.08	3.078e+03
	3.981e+07	6.310e+07	0.08	0.12	2.114e+03
	3.981e+07	6.310e+07	0.12	0.16	1.137e+03
	3.981e+07	6.310e+07	0.16	0.20	6.081e+02
	3.981e+07	6.310e+07	0.20	0.24	4.220e+02
	3.981e+07	6.310e+07	0.24	0.28	3.459e+02
	3.981e+07	6.310e+07	0.28	0.32	1.655e+02
	3.981e+07	6.310e+07	0.32	0.36	1.049e+02
	3.981e+07	6.310e+07	0.36	0.40	6.782e+01
	3.981e+07	6.310e+07	0.40	0.44	4.125e+01
	3.981e+07	6.310e+07	0.44	0.48	2.057e+01
	3.981e+07	6.310e+07	0.48	0.52	1.627e+01
	3.981e+07	6.310e+07	0.52	0.56	3.637e+00
	3.981e+07	6.310e+07	0.56	0.60	1.635e+01
	3.981e+07	6.310e+07	0.60	0.64	6.527e+00
	3.981e+07	6.310e+07	0.64	0.68	1.025e+01
	3.981e+07	6.310e+07	0.68	0.72	1.095e+01
	3.981e+07	6.310e+07	0.72	0.76	0.000e+00
	3.981e+07	6.310e+07	0.76	0.80	0.000e+00
	3.981e+07	6.310e+07	0.80	0.84	6.176e-01
	3.981e+07	6.310e+07	0.84	0.88	0.000e+00
	3.981e+07	6.310e+07	0.88	0.92	6.744e-01
	3.981e+07	6.310e+07	0.92	0.96	3.343e-01
	3.981e+07	6.310e+07	0.96	1.00	0.000e+00
	6.310e+07	1.000e+08	-1.00	-0.96	1.672e+02
	6.310e+07	1.000e+08	-0.96	-0.92	1.834e+02
	6.310e+07	1.000e+08	-0.92	-0.88	1.772e+02
	6.310e+07	1.000e+08	-0.88	-0.84	2.091e+02
	6.310e+07	1.000e+08	-0.84	-0.80	2.163e+02
	6.310e+07	1.000e+08	-0.80	-0.76	2.284e+02
	6.310e+07	1.000e+08	-0.76	-0.72	2.655e+02
	6.310e+07	1.000e+08	-0.72	-0.68	2.973e+02
	6.310e+07	1.000e+08	-0.68	-0.64	3.563e+02
	6.310e+07	1.000e+08	-0.64	-0.60	3.898e+02
	6.310e+07	1.000e+08	-0.60	-0.56	4.341e+02
	6.310e+07	1.000e+08	-0.56	-0.52	4.593e+02
	6.310e+07	1.000e+08	-0.52	-0.48	5.044e+02
	6.310e+07	1.000e+08	-0.48	-0.44	6.080e+02
	6.310e+07	1.000e+08	-0.44	-0.40	7.161e+02
	6.310e+07	1.000e+08	-0.40	-0.36	8.295e+02
	6.310e+07	1.000e+08	-0.36	-0.32	8.823e+02
	6.310e+07	1.000e+08	-0.32	-0.28	1.010e+03
	6.310e+07	1.000e+08	-0.28	-0.24	1.241e+03
	6.310e+07	1.000e+08	-0.24	-0.20	1.530e+03
	6.310e+07	1.000e+08	-0.20	-0.16	1.864e+03
	6.310e+07	1.000e+08	-0.16	-0.12	2.369e+03
	6.310e+07	1.000e+08	-0.12	-0.08	3.042e+03
	6.310e+07	1.000e+08	-0.08	-0.04	4.061e+03
	6.310e+07	1.000e+08	-0.04	0.00	4.408e+03
	6.310e+07	1.000e+08	0.00	0.04	4.052e+03
	6.310e+07	1.000e+08	0.04	0.08	3.552e+03
	6.310e+07	1.000e+08	0.08	0.12	2.027e+03
	6.310e+07	1.000e+08	0.12	0.16	1.172e+03
	6.310e+07	1.000e+08	0.16	0.20	5.630e+02
	6.310e+07	1.000e+08	0.20	0.24	4.282e+02
	6.310e+07	1.000e+08	0.24	0.28	2.495e+02
	6.310e+07	1.000e+08	0.28	0.32	1.378e+02
	6.310e+07	1.000e+08	0.32	0.36	8.015e+01
	6.310e+07	1.000e+08	0.36	0.40	3.359e+01
	6.310e+07	1.000e+08	0.40	0.44	2.616e+01
	6.310e+07	1.000e+08	0.44	0.48	3.101e-01
	6.310e+07	1.000e+08	0.48	0.52	5.735e-01
	6.310e+07	1.000e+08	0.52	0.56	2.602e+00
	6.310e+07	1.000e+08	0.56	0.60	7.332e+00
	6.310e+07	1.000e+08	0.60	0.64	1.917e+00
	6.310e+07	1.000e+08	0.64	0.68	6.205e-01
	6.310e+07	1.000e+08	0.68	0.72	0.000e+00
	6.310e+07	1.000e+08	0.72	0.76	0.000e+00
	6.310e+07	1.000e+08	0.76	0.80	0.000e+00
	6.310e+07	1.000e+08	0.80	0.84	0.000e+00
	6.310e+07	1.000e+08	0.84	0.88	0.000e+00
	6.310e+07	1.000e+08	0.88	0.92	3.588e-01
	6.310e+07	1.000e+08	0.92	0.96	9.966e-02
	6.310e+07	1.000e+08	0.96	1.00	0.000e+00
	1.000e+08	1.585e+08	-1.00	-0.96	1.478e+02
	1.000e+08	1.585e+08	-0.96	-0.92	1.670e+02
	1.000e+08	1.585e+08	-0.92	-0.88	1.683e+02
	1.000e+08	1.585e+08	-0.88	-0.84	1.739e+02
	1.000e+08	1.585e+08	-0.84	-0.80	2.114e+02
	1.000e+08	1.585e+08	-0.80	-0.76	2.377e+02
	1.000e+08	1.585e+08	-0.76	-0.72	2.755e+02
	1.000e+08	1.585e+08	-0.72	-0.68	3.133e+02
	1.000e+08	1.585e+08	-0.68	-0.64	3.288e+02
	1.000e+08	1.585e+08	-0.64	-0.60	3.771e+02
	1.000e+08	1.585e+08	-0.60	-0.56	4.222e+02
	1.000e+08	1.585e+08	-0.56	-0.52	4.901e+02
	1.000e+08	1.585e+08	-0.52	-0.48	5.368e+02
	1.000e+08	1.585e+08	-0.48	-0.44	6.323e+02
	1.000e+08	1.585e+08	-0.44	-0.40	7.371e+02
	1.000e+08	1.585e+08	-0.40	-0.36	8.354e+02
	1.000e+08	1.585e+08	-0.36	-0.32	9.709e+02
	1.000e+08	1.585e+08	-0.32	-0.28	1.153e+03
	1.000e+08	1.585e+08	-0.28	-0.24	1.381e+03
	1.000e+08	1.585e+08	-0.24	-0.20	1.698e+03
	1.000e+08	1.585e+08	-0.20	-0.16	2.086e+03
	1.000e+08	1.585e+08	-0.16	-0.12	2.731e+03
	1.000e+08	1.585e+08	-0.12	-0.08	3.698e+03
	1.000e+08	1.585e+08	-0.08	-0.04	5.340e+03
	1.000e+08	1.585e+08	-0.04	0.00	5.368e+03
	1.000e+08	1.585e+08	0.00	0.04	4.837e+03
	1.000e+08	1.585e+08	0.04	0.08	3.928e+03
	1.000e+08	1.585e+08	0.08	0.12	2.157e+03
	1.000e+08	1.585e+08	0.12	0.16	1.056e+03
	1.000e+08	1.585e+08	0.16	0.20	4.807e+02
	1.000e+08	1.585e+08	0.20	0.24	2.921e+02
	1.000e+08	1.585e+08	0.24	0.28	1.490e+02
	1.000e+08	1.585e+08	0.28	0.32	5.271e+01
	1.000e+08	1.585e+08	0.32	0.36	7.722e+01
	1.000e+08	1.585e+08	0.36	0.40	7.885e+00
	1.000e+08	1.585e+08	0.40	0.44	1.210e+00
	1.000e+08	1.585e+08	0.44	0.48	2.414e+00
	1.000e+08	1.585e+08	0.48	0.52	3.023e+00
	1.000e+08	1.585e+08	0.52	0.56	3.372e+00
	1.000e+08	1.585e+08	0.56	0.60	6.383e-01
	1.000e+08	1.585e+08	0.60	0.64	0.000e+00
	1.000e+08	1.585e+08	0.64	0.68	2.533e-01
	1.000e+08	1.585e+08	0.68	0.72	0.000e+00
	1.000e+08	1.585e+08	0.72	0.76	4.302e-01
	1.000e+08	1.585e+08	0.76	0.80	0.000e+00
	1.000e+08	1.585e+08	0.80	0.84	0.000e+00
	1.000e+08	1.585e+08	0.84	0.88	0.000e+00
	1.000e+08	1.585e+08	0.88	0.92	0.000e+00
	1.000e+08	1.585e+08	0.92	0.96	0.000e+00
	1.000e+08	1.585e+08	0.96	1.00	0.000e+00
	1.585e+08	2.512e+08	-1.00	-0.96	1.226e+02
	1.585e+08	2.512e+08	-0.96	-0.92	1.223e+02
	1.585e+08	2.512e+08	-0.92	-0.88	1.337e+02
	1.585e+08	2.512e+08	-0.88	-0.84	1.706e+02
	1.585e+08	2.512e+08	-0.84	-0.80	1.692e+02
	1.585e+08	2.512e+08	-0.80	-0.76	2.086e+02
	1.585e+08	2.512e+08	-0.76	-0.72	2.337e+02
	1.585e+08	2.512e+08	-0.72	-0.68	2.604e+02
	1.585e+08	2.512e+08	-0.68	-0.64	2.877e+02
	1.585e+08	2.512e+08	-0.64	-0.60	3.385e+02
	1.585e+08	2.512e+08	-0.60	-0.56	3.744e+02
	1.585e+08	2.512e+08	-0.56	-0.52	4.536e+02
	1.585e+08	2.512e+08	-0.52	-0.48	5.403e+02
	1.585e+08	2.512e+08	-0.48	-0.44	6.681e+02
	1.585e+08	2.512e+08	-0.44	-0.40	7.446e+02
	1.585e+08	2.512e+08	-0.40	-0.36	8.588e+02
	1.585e+08	2.512e+08	-0.36	-0.32	1.112e+03
	1.585e+08	2.512e+08	-0.32	-0.28	1.295e+03
	1.585e+08	2.512e+08	-0.28	-0.24	1.518e+03
	1.585e+08	2.512e+08	-0.24	-0.20	1.943e+03
	1.585e+08	2.512e+08	-0.20	-0.16	2.509e+03
	1.585e+08	2.512e+08	-0.16	-0.12	3.415e+03
	1.585e+08	2.512e+08	-0.12	-0.08	4.876e+03
	1.585e+08	2.512e+08	-0.08	-0.04	5.915e+03
	1.585e+08	2.512e+08	-0.04	0.00	6.360e+03
	1.585e+08	2.512e+08	0.00	0.04	5.997e+03
	1.585e+08	2.512e+08	0.04	0.08	4.549e+03
	1.585e+08	2.512e+08	0.08	0.12	2.230e+03
	1.585e+08	2.512e+08	0.12	0.16	7.915e+02
	1.585e+08	2.512e+08	0.16	0.20	4.989e+02
	1.585e+08	2.512e+08	0.20	0.24	2.313e+02
	1.585e+08	2.512e+08	0.24	0.28	1.384e+02
	1.585e+08	2.512e+08	0.28	0.32	3.605e+01
	1.585e+08	2.512e+08	0.32	0.36	3.574e+01
	1.585e+08	2.512e+08	0.36	0.40	4.639e+00
	1.585e+08	2.512e+08	0.40	0.44	0.000e+00
	1.585e+08	2.512e+08	0.44	0.48	4.376e+00
	1.585e+08	2.512e+08	0.48	0.52	0.000e+00
	1.585e+08	2.512e+08	0.52	0.56	6.364e-01
	1.585e+08	2.512e+08	0.56	0.60	0.000e+00
	1.585e+08	2.512e+08	0.60	0.64	0.000e+00
	1.585e+08	2.512e+08	0.64	0.68	0.000e+00
	1.585e+08	2.512e+08	0.68	0.72	2.019e+00
	1.585e+08	2.512e+08	0.72	0.76	0.000e+00
	1.585e+08	2.512e+08	0.76	0.80	0.000e+00
	1.585e+08	2.512e+08	0.80	0.84	0.000e+00
	1.585e+08	2.512e+08	0.84	0.88	0.000e+00
	1.585e+08	2.512e+08	0.88	0.92	0.000e+00
	1.585e+08	2.512e+08	0.92	0.96	0.000e+00
	1.585e+08	2.512e+08	0.96	1.00	0.000e+00
	2.512e+08	3.981e+08	-1.00	-0.96	1.002e+02
	2.512e+08	3.981e+08	-0.96	-0.92	9.429e+01
	2.512e+08	3.981e+08	-0.92	-0.88	1.213e+02
	2.512e+08	3.981e+08	-0.88	-0.84	1.160e+02
	2.512e+08	3.981e+08	-0.84	-0.80	1.345e+02
	2.512e+08	3.981e+08	-0.80	-0.76	1.496e+02
	2.512e+08	3.981e+08	-0.76	-0.72	1.909e+02
	2.512e+08	3.981e+08	-0.72	-0.68	2.039e+02
	2.512e+08	3.981e+08	-0.68	-0.64	2.490e+02
	2.512e+08	3.981e+08	-0.64	-0.60	3.004e+02
	2.512e+08	3.981e+08	-0.60	-0.56	3.694e+02
	2.512e+08	3.981e+08	-0.56	-0.52	4.071e+02
	2.512e+08	3.981e+08	-0.52	-0.48	4.981e+02
	2.512e+08	3.981e+08	-0.48	-0.44	5.712e+02
	2.512e+08	3.981e+08	-0.44	-0.40	6.999e+02
	2.512e+08	3.981e+08	-0.40	-0.36	8.662e+02
	2.512e+08	3.981e+08	-0.36	-0.32	1.086e+03
	2.512e+08	3.981e+08	-0.32	-0.28	1.270e+03
	2.512e+08	3.981e+08	-0.28	-0.24	1.617e+03
	2.512e+08	3.981e+08	-0.24	-0.20	2.109e+03
	2.512e+08	3.981e+08	-0.20	-0.16	2.879e+03
	2.512e+08	3.981e+08	-0.16	-0.12	3.625e+03
	2.512e+08	3.981e+08	-0.12	-0.08	5.315e+03
	2.512e+08	3.981e+08	-0.08	-0.04	7.402e+03
	2.512e+08	3.981e+08	-0.04	0.00	8.073e+03
	2.512e+08	3.981e+08	0.00	0.04	7.277e+03
	2.512e+08	3.981e+08	0.04	0.08	4.621e+03
	2.512e+08	3.981e+08	0.08	0.12	1.673e+03
	2.512e+08	3.981e+08	0.12	0.16	5.363e+02
	2.512e+08	3.981e+08	0.16	0.20	2.966e+02
	2.512e+08	3.981e+08	0.20	0.24	2.624e+02
	2.512e+08	3.981e+08	0.24	0.28	3.837e+01
	2.512e+08	3.981e+08	0.28	0.32	4.528e+01
	2.512e+08	3.981e+08	0.32	0.36	1.315e+00
	2.512e+08	3.981e+08	0.36	0.40	3.744e+00
	2.512e+08	3.981e+08	0.40	0.44	5.632e+00
	2.512e+08	3.981e+08	0.44	0.48	7.696e-01
	2.512e+08	3.981e+08	0.48	0.52	4.047e+00
	2.512e+08	3.981e+08	0.52	0.56	0.000e+00
	2.512e+08	3.981e+08	0.56	0.60	3.458e+00
	2.512e+08	3.981e+08	0.60	0.64	0.000e+00
	2.512e+08	3.981e+08	0.64	0.68	0.000e+00
	2.512e+08	3.981e+08	0.68	0.72	0.000e+00
	2.512e+08	3.981e+08	0.72	0.76	0.000e+00
	2.512e+08	3.981e+08	0.76	0.80	3.129e-01
	2.512e+08	3.981e+08	0.80	0.84	0.000e+00
	2.512e+08	3.981e+08	0.84	0.88	0.000e+00
	2.512e+08	3.981e+08	0.88	0.92	0.000e+00
	2.512e+08	3.981e+08	0.92	0.96	0.000e+00
	2.512e+08	3.981e+08	0.96	1.00	0.000e+00
	3.981e+08	6.310e+08	-1.00	-0.96	7.710e+01
	3.981e+08	6.310e+08	-0.96	-0.92	7.004e+01
	3.981e+08	6.310e+08	-0.92	-0.88	7.932e+01
	3.981e+08	6.310e+08	-0.88	-0.84	9.984e+01
	3.981e+08	6.310e+08	-0.84	-0.80	1.079e+02
	3.981e+08	6.310e+08	-0.80	-0.76	1.242e+02
	3.981e+08	6.310e+08	-0.76	-0.72	1.349e+02
	3.981e+08	6.310e+08	-0.72	-0.68	1.866e+02
	3.981e+08	6.310e+08	-0.68	-0.64	1.994e+02
	3.981e+08	6.310e+08	-0.64	-0.60	2.420e+02
	3.981e+08	6.310e+08	-0.60	-0.56	3.124e+02
	3.981e+08	6.310e+08	-0.56	-0.52	3.808e+02
	3.981e+08	6.310e+08	-0.52	-0.48	4.503e+02
	3.981e+08	6.310e+08	-0.48	-0.44	5.614e+02
	3.981e+08	6.310e+08	-0.44	-0.40	6.378e+02
	3.981e+08	6.310e+08	-0.40	-0.36	8.335e+02
	3.981e+08	6.310e+08	-0.36	-0.32	1.015e+03
	3.981e+08	6.310e+08	-0.32	-0.28	1.195e+03
	3.981e+08	6.310e+08	-0.28	-0.24	1.626e+03
	3.981e+08	6.310e+08	-0.24	-0.20	2.214e+03
	3.981e+08	6.310e+08	-0.20	-0.16	2.937e+03
	3.981e+08	6.310e+08	-0.16	-0.12	4.318e+03
	3.981e+08	6.310e+08	-0.12	-0.08	5.881e+03
	3.981e+08	6.310e+08	-0.08	-0.04	8.764e+03
	3.981e+08	6.310e+08	-0.04	0.00	9.616e+03
	3.981e+08	6.310e+08	0.00	0.04	7.942e+03
	3.981e+08	6.310e+08	0.04	0.08	4.635e+03
	3.981e+08	6.310e+08	0.08	0.12	1.675e+03
	3.981e+08	6.310e+08	0.12	0.16	3.642e+02
	3.981e+08	6.310e+08	0.16	0.20	1.119e+02
	3.981e+08	6.310e+08	0.20	0.24	8.781e+01
	3.981e+08	6.310e+08	0.24	0.28	3.285e+01
	3.981e+08	6.310e+08	0.28	0.32	5.346e+00
	3.981e+08	6.310e+08	0.32	0.36	9.664e+00
	3.981e+08	6.310e+08	0.36	0.40	1.857e+00
	3.981e+08	6.310e+08	0.40	0.44	0.000e+00
	3.981e+08	6.310e+08	0.44	0.48	0.000e+00
	3.981e+08	6.310e+08	0.48	0.52	0.000e+00
	3.981e+08	6.310e+08	0.52	0.56	0.000e+00
	3.981e+08	6.310e+08	0.56	0.60	0.000e+00
	3.981e+08	6.310e+08	0.60	0.64	0.000e+00
	3.981e+08	6.310e+08	0.64	0.68	0.000e+00
	3.981e+08	6.310e+08	0.68	0.72	5.594e-01
	3.981e+08	6.310e+08	0.72	0.76	0.000e+00
	3.981e+08	6.310e+08	0.76	0.80	0.000e+00
	3.981e+08	6.310e+08	0.80	0.84	0.000e+00
	3.981e+08	6.310e+08	0.84	0.88	0.000e+00
	3.981e+08	6.310e+08	0.88	0.92	0.000e+00
	3.981e+08	6.310e+08	0.92	0.96	0.000e+00
	3.981e+08	6.310e+08	0.96	1.00	1.108e-01
	6.310e+08	1.000e+09	-1.00	-0.96	6.687e+01
	6.310e+08	1.000e+09	-0.96	-0.92	3.555e+01
	6.310e+08	1.000e+09	-0.92	-0.88	5.766e+01
	6.310e+08	1.000e+09	-0.88	-0.84	5.730e+01
	6.310e+08	1.000e+09	-0.84	-0.80	8.386e+01
	6.310e+08	1.000e+09	-0.80	-0.76	8.620e+01
	6.310e+08	1.000e+09	-0.76	-0.72	1.037e+02
	6.310e+08	1.000e+09	-0.72	-0.68	1.374e+02
	6.310e+08	1.000e+09	-0.68	-0.64	1.792e+02
	6.310e+08	1.000e+09	-0.64	-0.60	1.924e+02
	6.310e+08	1.000e+09	-0.60	-0.56	2.145e+02
	6.310e+08	1.000e+09	-0.56	-0.52	3.024e+02
	6.310e+08	1.000e+09	-0.52	-0.48	3.861e+02
	6.310e+08	1.000e+09	-0.48	-0.44	4.437e+02
	6.310e+08	1.000e+09	-0.44	-0.40	5.984e+02
	6.310e+08	1.000e+09	-0.40	-0.36	7.745e+02
	6.310e+08	1.000e+09	-0.36	-0.32	9.260e+02
	6.310e+08	1.000e+09	-0.32	-0.28	1.225e+03
	6.310e+08	1.000e+09	-0.28	-0.24	1.569e+03
	6.310e+08	1.000e+09	-0.24	-0.20	2.305e+03
	6.310e+08	1.000e+09	-0.20	-0.16	2.889e+03
	6.310e+08	1.000e+09	-0.16	-0.12	4.593e+03
	6.310e+08	1.000e+09	-0.12	-0.08	6.764e+03
	6.310e+08	1.000e+09	-0.08	-0.04	1.030e+04
	6.310e+08	1.000e+09	-0.04	0.00	1.225e+04
	6.310e+08	1.000e+09	0.00	0.04	9.026e+03
	6.310e+08	1.000e+09	0.04	0.08	4.622e+03
	6.310e+08	1.000e+09	0.08	0.12	1.321e+03
	6.310e+08	1.000e+09	0.12	0.16	5.303e+02
	6.310e+08	1.000e+09	0.16	0.20	6.580e+01
	6.310e+08	1.000e+09	0.20	0.24	5.232e+01
	6.310e+08	1.000e+09	0.24	0.28	5.554e+01
	6.310e+08	1.000e+09	0.28	0.32	7.759e+00
	6.310e+08	1.000e+09	0.32	0.36	0.000e+00
	6.310e+08	1.000e+09	0.36	0.40	0.000e+00
	6.310e+08	1.000e+09	0.40	0.44	0.000e+00
	6.310e+08	1.000e+09	0.44	0.48	3.964e-01
	6.310e+08	1.000e+09	0.48	0.52	7.692e-01
	6.310e+08	1.000e+09	0.52	0.56	0.000e+00
	6.310e+08	1.000e+09	0.56	0.60	0.000e+00
	6.310e+08	1.000e+09	0.60	0.64	0.000e+00
	6.310e+08	1.000e+09	0.64	0.68	0.000e+00
	6.310e+08	1.000e+09	0.68	0.72	0.000e+00
	6.310e+08	1.000e+09	0.72	0.76	0.000e+00
	6.310e+08	1.000e+09	0.76	0.80	0.000e+00
	6.310e+08	1.000e+09	0.80	0.84	0.000e+00
	6.310e+08	1.000e+09	0.84	0.88	0.000e+00
	6.310e+08	1.000e+09	0.88	0.92	0.000e+00
	6.310e+08	1.000e+09	0.92	0.96	0.000e+00
	6.310e+08	1.000e+09	0.96	1.00	1.772e-02
	1.000e+09	1.585e+09	-1.00	-0.96	4.459e+01
	1.000e+09	1.585e+09	-0.96	-0.92	4.109e+01
	1.000e+09	1.585e+09	-0.92	-0.88	4.225e+01
	1.000e+09	1.585e+09	-0.88	-0.84	5.096e+01
	1.000e+09	1.585e+09	-0.84	-0.80	5.838e+01
	1.000e+09	1.585e+09	-0.80	-0.76	6.087e+01
	1.000e+09	1.585e+09	-0.76	-0.72	7.948e+01
	1.000e+09	1.585e+09	-0.72	-0.68	8.884e+01
	1.000e+09	1.585e+09	-0.68	-0.64	1.458e+02
	1.000e+09	1.585e+09	-0.64	-0.60	1.666e+02
	1.000e+09	1.585e+09	-0.60	-0.56	1.943e+02
	1.000e+09	1.585e+09	-0.56	-0.52	2.331e+02
	1.000e+09	1.585e+09	-0.52	-0.48	3.230e+02
	1.000e+09	1.585e+09	-0.48	-0.44	3.537e+02
	1.000e+09	1.585e+09	-0.44	-0.40	4.681e+02
	1.000e+09	1.585e+09	-0.40	-0.36	6.267e+02
	1.000e+09	1.585e+09	-0.36	-0.32	8.708e+02
	1.000e+09	1.585e+09	-0.32	-0.28	1.228e+03
	1.000e+09	1.585e+09	-0.28	-0.24	1.610e+03
	1.000e+09	1.585e+09	-0.24	-0.20	2.362e+03
	1.000e+09	1.585e+09	-0.20	-0.16	3.262e+03
	1.000e+09	1.585e+09	-0.16	-0.12	4.924e+03
	1.000e+09	1.585e+09	-0.12	-0.08	7.752e+03
	1.000e+09	1.585e+09	-0.08	-0.04	1.197e+04
	1.000e+09	1.585e+09	-0.04	0.00	1.420e+04
	1.000e+09	1.585e+09	0.00	0.04	1.065e+04
	1.000e+09	1.585e+09	0.04	0.08	4.001e+03
	1.000e+09	1.585e+09	0.08	0.12	1.140e+03
	1.000e+09	1.585e+09	0.12	0.16	2.078e+02
	1.000e+09	1.585e+09	0.16	0.20	9.729e+01
	1.000e+09	1.585e+09	0.20	0.24	6.296e+01
	1.000e+09	1.585e+09	0.24	0.28	7.750e+00
	1.000e+09	1.585e+09	0.28	0.32	2.529e+00
	1.000e+09	1.585e+09	0.32	0.36	1.168e+00
	1.000e+09	1.585e+09	0.36	0.40	2.080e+00
	1.000e+09	1.585e+09	0.40	0.44	0.000e+00
	1.000e+09	1.585e+09	0.44	0.48	0.000e+00
	1.000e+09	1.585e+09	0.48	0.52	0.000e+00
	1.000e+09	1.585e+09	0.52	0.56	0.000e+00
	1.000e+09	1.585e+09	0.56	0.60	0.000e+00
	1.000e+09	1.585e+09	0.60	0.64	0.000e+00
	1.000e+09	1.585e+09	0.64	0.68	0.000e+00
	1.000e+09	1.585e+09	0.68	0.72	0.000e+00
	1.000e+09	1.585e+09	0.72	0.76	0.000e+00
	1.000e+09	1.585e+09	0.76	0.80	0.000e+00
	1.000e+09	1.585e+09	0.80	0.84	0.000e+00
	1.000e+09	1.585e+09	0.84	0.88	0.000e+00
	1.000e+09	1.585e+09	0.88	0.92	0.000e+00
	1.000e+09	1.585e+09	0.92	0.96	0.000e+00
	1.000e+09	1.585e+09	0.96	1.00	0.000e+00
	1.585e+09	2.512e+09	-1.00	-0.96	4.229e+01
	1.585e+09	2.512e+09	-0.96	-0.92	4.025e+01
	1.585e+09	2.512e+09	-0.92	-0.88	3.160e+01
	1.585e+09	2.512e+09	-0.88	-0.84	5.608e+01
	1.585e+09	2.512e+09	-0.84	-0.80	3.864e+01
	1.585e+09	2.512e+09	-0.80	-0.76	4.843e+01
	1.585e+09	2.512e+09	-0.76	-0.72	6.666e+01
	1.585e+09	2.512e+09	-0.72	-0.68	9.121e+01
	1.585e+09	2.512e+09	-0.68	-0.64	1.004e+02
	1.585e+09	2.512e+09	-0.64	-0.60	1.002e+02
	1.585e+09	2.512e+09	-0.60	-0.56	1.825e+02
	1.585e+09	2.512e+09	-0.56	-0.52	2.141e+02
	1.585e+09	2.512e+09	-0.52	-0.48	2.479e+02
	1.585e+09	2.512e+09	-0.48	-0.44	3.323e+02
	1.585e+09	2.512e+09	-0.44	-0.40	4.170e+02
	1.585e+09	2.512e+09	-0.40	-0.36	5.323e+02
	1.585e+09	2.512e+09	-0.36	-0.32	7.366e+02
	1.585e+09	2.512e+09	-0.32	-0.28	1.096e+03
	1.585e+09	2.512e+09	-0.28	-0.24	1.654e+03
	1.585e+09	2.512e+09	-0.24	-0.20	2.388e+03
	1.585e+09	2.512e+09	-0.20	-0.16	3.675e+03
	1.585e+09	2.512e+09	-0.16	-0.12	5.362e+03
	1.585e+09	2.512e+09	-0.12	-0.08	9.181e+03
	1.585e+09	2.512e+09	-0.08	-0.04	1.455e+04
	1.585e+09	2.512e+09	-0.04	0.00	1.642e+04
	1.585e+09	2.512e+09	0.00	0.04	1.205e+04
	1.585e+09	2.512e+09	0.04	0.08	3.803e+03
	1.585e+09	2.512e+09	0.08	0.12	7.146e+02
	1.585e+09	2.512e+09	0.12	0.16	1.921e+02
	1.585e+09	2.512e+09	0.16	0.20	1.935e+01
	1.585e+09	2.512e+09	0.20	0.24	0.000e+00
	1.585e+09	2.512e+09	0.24	0.28	0.000e+00
	1.585e+09	2.512e+09	0.28	0.32	3.714e+00
	1.585e+09	2.512e+09	0.32	0.36	0.000e+00
	1.585e+09	2.512e+09	0.36	0.40	3.328e+00
	1.585e+09	2.512e+09	0.40	0.44	0.000e+00
	1.585e+09	2.512e+09	0.44	0.48	4.042e+00
	1.585e+09	2.512e+09	0.48	0.52	2.544e-01
	1.585e+09	2.512e+09	0.52	0.56	0.000e+00
	1.585e+09	2.512e+09	0.56	0.60	0.000e+00
	1.585e+09	2.512e+09	0.60	0.64	0.000e+00
	1.585e+09	2.512e+09	0.64	0.68	0.000e+00
	1.585e+09	2.512e+09	0.68	0.72	0.000e+00
	1.585e+09	2.512e+09	0.72	0.76	0.000e+00
	1.585e+09	2.512e+09	0.76	0.80	0.000e+00
	1.585e+09	2.512e+09	0.80	0.84	0.000e+00
	1.585e+09	2.512e+09	0.84	0.88	0.000e+00
	1.585e+09	2.512e+09	0.88	0.92	0.000e+00
	1.585e+09	2.512e+09	0.92	0.96	0.000e+00
	1.585e+09	2.512e+09	0.96	1.00	0.000e+00
	2.512e+09	3.981e+09	-1.00	-0.96	3.886e+01
	2.512e+09	3.981e+09	-0.96	-0.92	2.634e+01
	2.512e+09	3.981e+09	-0.92	-0.88	2.649e+01
	2.512e+09	3.981e+09	-0.88	-0.84	2.524e+01
	2.512e+09	3.981e+09	-0.84	-0.80	4.972e+01
	2.512e+09	3.981e+09	-0.80	-0.76	4.416e+01
	2.512e+09	3.981e+09	-0.76	-0.72	5.312e+01
	2.512e+09	3.981e+09	-0.72	-0.68	6.413e+01
	2.512e+09	3.981e+09	-0.68	-0.64	7.845e+01
	2.512e+09	3.981e+09	-0.64	-0.60	1.006e+02
	2.512e+09	3.981e+09	-0.60	-0.56	1.212e+02
	2.512e+09	3.981e+09	-0.56	-0.52	1.354e+02
	2.512e+09	3.981e+09	-0.52	-0.48	1.964e+02
	2.512e+09	3.981e+09	-0.48	-0.44	2.604e+02
	2.512e+09	3.981e+09	-0.44	-0.40	3.945e+02
	2.512e+09	3.981e+09	-0.40	-0.36	5.600e+02
	2.512e+09	3.981e+09	-0.36	-0.32	8.021e+02
	2.512e+09	3.981e+09	-0.32	-0.28	1.031e+03
	2.512e+09	3.981e+09	-0.28	-0.24	1.507e+03
	2.512e+09	3.981e+09	-0.24	-0.20	2.248e+03
	2.512e+09	3.981e+09	-0.20	-0.16	3.729e+03
	2.512e+09	3.981e+09	-0.16	-0.12	5.966e+03
	2.512e+09	3.981e+09	-0.12	-0.08	1.033e+04
	2.512e+09	3.981e+09	-0.08	-0.04	1.604e+04
	2.512e+09	3.981e+09	-0.04	0.00	1.951e+04
	2.512e+09	3.981e+09	0.00	0.04	1.188e+04
	2.512e+09	3.981e+09	0.04	0.08	3.585e+03
	2.512e+09	3.981e+09	0.08	0.12	6.458e+02
	2.512e+09	3.981e+09	0.12	0.16	3.710e+01
	2.512e+09	3.981e+09	0.16	0.20	0.000e+00
	2.512e+09	3.981e+09	0.20	0.24	1.268e+00
	2.512e+09	3.981e+09	0.24	0.28	0.000e+00
	2.512e+09	3.981e+09	0.28	0.32	1.261e+01
	2.512e+09	3.981e+09	0.32	0.36	0.000e+00
	2.512e+09	3.981e+09	0.36	0.40	3.339e+00
	2.512e+09	3.981e+09	0.40	0.44	0.000e+00
	2.512e+09	3.981e+09	0.44	0.48	0.000e+00
	2.512e+09	3.981e+09	0.48	0.52	0.000e+00
	2.512e+09	3.981e+09	0.52	0.56	0.000e+00
	2.512e+09	3.981e+09	0.56	0.60	0.000e+00
	2.512e+09	3.981e+09	0.60	0.64	0.000e+00
	2.512e+09	3.981e+09	0.64	0.68	0.000e+00
	2.512e+09	3.981e+09	0.68	0.72	0.000e+00
	2.512e+09	3.981e+09	0.72	0.76	0.000e+00
	2.512e+09	3.981e+09	0.76	0.80	0.000e+00
	2.512e+09	3.981e+09	0.80	0.84	0.000e+00
	2.512e+09	3.981e+09	0.84	0.88	0.000e+00
	2.512e+09	3.981e+09	0.88	0.92	0.000e+00
	2.512e+09	3.981e+09	0.92	0.96	0.000e+00
	2.512e+09	3.981e+09	0.96	1.00	0.000e+00
	3.981e+09	6.310e+09	-1.00	-0.96	2.871e+01
	3.981e+09	6.310e+09	-0.96	-0.92	1.792e+01
	3.981e+09	6.310e+09	-0.92	-0.88	1.597e+01
	3.981e+09	6.310e+09	-0.88	-0.84	2.810e+01
	3.981e+09	6.310e+09	-0.84	-0.80	3.803e+01
	3.981e+09	6.310e+09	-0.80	-0.76	4.112e+01
	3.981e+09	6.310e+09	-0.76	-0.72	4.653e+01
	3.981e+09	6.310e+09	-0.72	-0.68	5.002e+01
	3.981e+09	6.310e+09	-0.68	-0.64	7.344e+01
	3.981e+09	6.310e+09	-0.64	-0.60	7.595e+01
	3.981e+09	6.310e+09	-0.60	-0.56	1.125e+02
	3.981e+09	6.310e+09	-0.56	-0.52	1.500e+02
	3.981e+09	6.310e+09	-0.52	-0.48	1.599e+02
	3.981e+09	6.310e+09	-0.48	-0.44	2.221e+02
	3.981e+09	6.310e+09	-0.44	-0.40	3.062e+02
	3.981e+09	6.310e+09	-0.40	-0.36	4.590e+02
	3.981e+09	6.310e+09	-0.36	-0.32	6.222e+02
	3.981e+09	6.310e+09	-0.32	-0.28	9.111e+02
	3.981e+09	6.310e+09	-0.28	-0.24	1.381e+03
	3.981e+09	6.310e+09	-0.24	-0.20	2.100e+03
	3.981e+09	6.310e+09	-0.20	-0.16	3.388e+03
	3.981e+09	6.310e+09	-0.16	-0.12	6.247e+03
	3.981e+09	6.310e+09	-0.12	-0.08	1.111e+04
	3.981e+09	6.310e+09	-0.08	-0.04	1.948e+04
	3.981e+09	6.310e+09	-0.04	0.00	2.242e+04
	3.981e+09	6.310e+09	0.00	0.04	1.350e+04
	3.981e+09	6.310e+09	0.04	0.08	2.739e+03
	3.981e+09	6.310e+09	0.08	0.12	2.987e+02
	3.981e+09	6.310e+09	0.12	0.16	1.340e+02
	3.981e+09	6.310e+09	0.16	0.20	3.247e+01
	3.981e+09	6.310e+09	0.20	0.24	1.471e+01
	3.981e+09	6.310e+09	0.24	0.28	6.840e+00
	3.981e+09	6.310e+09	0.28	0.32	0.000e+00
	3.981e+09	6.310e+09	0.32	0.36	0.000e+00
	3.981e+09	6.310e+09	0.36	0.40	0.000e+00
	3.981e+09	6.310e+09	0.40	0.44	0.000e+00
	3.981e+09	6.310e+09	0.44	0.48	0.000e+00
	3.981e+09	6.310e+09	0.48	0.52	0.000e+00
	3.981e+09	6.310e+09	0.52	0.56	0.000e+00
	3.981e+09	6.310e+09	0.56	0.60	0.000e+00
	3.981e+09	6.310e+09	0.60	0.64	0.000e+00
	3.981e+09	6.310e+09	0.64	0.68	0.000e+00
	3.981e+09	6.310e+09	0.68	0.72	0.000e+00
	3.981e+09	6.310e+09	0.72	0.76	0.000e+00
	3.981e+09	6.310e+09	0.76	0.80	0.000e+00
	3.981e+09	6.310e+09	0.80	0.84	0.000e+00
	3.981e+09	6.310e+09	0.84	0.88	0.000e+00
	3.981e+09	6.310e+09	0.88	0.92	0.000e+00
	3.981e+09	6.310e+09	0.92	0.96	0.000e+00
	3.981e+09	6.310e+09	0.96	1.00	0.000e+00
	6.310e+09	1.000e+10	-1.00	-0.96	1.688e+01
	6.310e+09	1.000e+10	-0.96	-0.92	2.347e+01
	6.310e+09	1.000e+10	-0.92	-0.88	6.192e+00
	6.310e+09	1.000e+10	-0.88	-0.84	1.783e+01
	6.310e+09	1.000e+10	-0.84	-0.80	3.091e+01
	6.310e+09	1.000e+10	-0.80	-0.76	2.093e+01
	6.310e+09	1.000e+10	-0.76	-0.72	2.753e+01
	6.310e+09	1.000e+10	-0.72	-0.68	4.037e+01
	6.310e+09	1.000e+10	-0.68	-0.64	5.346e+01
	6.310e+09	1.000e+10	-0.64	-0.60	6.176e+01
	6.310e+09	1.000e+10	-0.60	-0.56	7.651e+01
	6.310e+09	1.000e+10	-0.56	-0.52	8.920e+01
	6.310e+09	1.000e+10	-0.52	-0.48	1.558e+02
	6.310e+09	1.000e+10	-0.48	-0.44	1.842e+02
	6.310e+09	1.000e+10	-0.44	-0.40	2.504e+02
	6.310e+09	1.000e+10	-0.40	-0.36	3.763e+02
	6.310e+09	1.000e+10	-0.36	-0.32	6.063e+02
	6.310e+09	1.000e+10	-0.32	-0.28	8.940e+02
	6.310e+09	1.000e+10	-0.28	-0.24	1.325e+03
	6.310e+09	1.000e+10	-0.24	-0.20	2.316e+03
	6.310e+09	1.000e+10	-0.20	-0.16	3.734e+03
	6.310e+09	1.000e+10	-0.16	-0.12	6.579e+03
	6.310e+09	1.000e+10	-0.12	-0.08	1.209e+04
	6.310e+09	1.000e+10	-0.08	-0.04	2.291e+04
	6.310e+09	1.000e+10	-0.04	0.00	2.628e+04
	6.310e+09	1.000e+10	0.00	0.04	1.548e+04
	6.310e+09	1.000e+10	0.04	0.08	2.508e+03
	6.310e+09	1.000e+10	0.08	0.12	4.317e+02
	6.310e+09	1.000e+10	0.12	0.16	0.000e+00
	6.310e+09	1.000e+10	0.16	0.20	2.525e+00
	6.310e+09	1.000e+10	0.20	0.24	0.000e+00
	6.310e+09	1.000e+10	0.24	0.28	0.000e+00
	6.310e+09	1.000e+10	0.28	0.32	7.488e+00
	6.310e+09	1.000e+10	0.32	0.36	0.000e+00
	6.310e+09	1.000e+10	0.36	0.40	0.000e+00
	6.310e+09	1.000e+10	0.40	0.44	0.000e+00
	6.310e+09	1.000e+10	0.44	0.48	0.000e+00
	6.310e+09	1.000e+10	0.48	0.52	0.000e+00
	6.310e+09	1.000e+10	0.52	0.56	0.000e+00
	6.310e+09	1.000e+10	0.56	0.60	0.000e+00
	6.310e+09	1.000e+10	0.60	0.64	0.000e+00
	6.310e+09	1.000e+10	0.64	0.68	0.000e+00
	6.310e+09	1.000e+10	0.68	0.72	0.000e+00
	6.310e+09	1.000e+10	0.72	0.76	0.000e+00
	6.310e+09	1.000e+10	0.76	0.80	0.000e+00
	6.310e+09	1.000e+10	0.80	0.84	0.000e+00
	6.310e+09	1.000e+10	0.84	0.88	0.000e+00
	6.310e+09	1.000e+10	0.88	0.92	0.000e+00
	6.310e+09	1.000e+10	0.92	0.96	0.000e+00
	6.310e+09	1.000e+10	0.96	1.00	0.000e+00
