# E_min[GeV]	E_max[GeV]	cos(zenith)_min	cos(zenith)_max	A_Eff[m^2]
	1.000e+02	1.585e+02	-1.00	-0.96	0.000e+00
	1.000e+02	1.585e+02	-0.96	-0.92	0.000e+00
	1.000e+02	1.585e+02	-0.92	-0.88	0.000e+00
	1.000e+02	1.585e+02	-0.88	-0.84	0.000e+00
	1.000e+02	1.585e+02	-0.84	-0.80	0.000e+00
	1.000e+02	1.585e+02	-0.80	-0.76	0.000e+00
	1.000e+02	1.585e+02	-0.76	-0.72	0.000e+00
	1.000e+02	1.585e+02	-0.72	-0.68	0.000e+00
	1.000e+02	1.585e+02	-0.68	-0.64	0.000e+00
	1.000e+02	1.585e+02	-0.64	-0.60	0.000e+00
	1.000e+02	1.585e+02	-0.60	-0.56	0.000e+00
	1.000e+02	1.585e+02	-0.56	-0.52	0.000e+00
	1.000e+02	1.585e+02	-0.52	-0.48	0.000e+00
	1.000e+02	1.585e+02	-0.48	-0.44	0.000e+00
	1.000e+02	1.585e+02	-0.44	-0.40	0.000e+00
	1.000e+02	1.585e+02	-0.40	-0.36	0.000e+00
	1.000e+02	1.585e+02	-0.36	-0.32	0.000e+00
	1.000e+02	1.585e+02	-0.32	-0.28	0.000e+00
	1.000e+02	1.585e+02	-0.28	-0.24	0.000e+00
	1.000e+02	1.585e+02	-0.24	-0.20	0.000e+00
	1.000e+02	1.585e+02	-0.20	-0.16	0.000e+00
	1.000e+02	1.585e+02	-0.16	-0.12	0.000e+00
	1.000e+02	1.585e+02	-0.12	-0.08	0.000e+00
	1.000e+02	1.585e+02	-0.08	-0.04	2.300e-05
	1.000e+02	1.585e+02	-0.04	0.00	3.000e-05
	1.000e+02	1.585e+02	0.00	0.04	6.800e-05
	1.000e+02	1.585e+02	0.04	0.08	1.110e-04
	1.000e+02	1.585e+02	0.08	0.12	2.670e-04
	1.000e+02	1.585e+02	0.12	0.16	3.400e-04
	1.000e+02	1.585e+02	0.16	0.20	3.660e-04
	1.000e+02	1.585e+02	0.20	0.24	4.790e-04
	1.000e+02	1.585e+02	0.24	0.28	3.100e-04
	1.000e+02	1.585e+02	0.28	0.32	4.800e-04
	1.000e+02	1.585e+02	0.32	0.36	2.730e-04
	1.000e+02	1.585e+02	0.36	0.40	2.750e-04
	1.000e+02	1.585e+02	0.40	0.44	3.360e-04
	1.000e+02	1.585e+02	0.44	0.48	3.610e-04
	1.000e+02	1.585e+02	0.48	0.52	3.350e-04
	1.000e+02	1.585e+02	0.52	0.56	3.130e-04
	1.000e+02	1.585e+02	0.56	0.60	4.960e-04
	1.000e+02	1.585e+02	0.60	0.64	2.930e-04
	1.000e+02	1.585e+02	0.64	0.68	4.310e-04
	1.000e+02	1.585e+02	0.68	0.72	5.650e-04
	1.000e+02	1.585e+02	0.72	0.76	3.700e-04
	1.000e+02	1.585e+02	0.76	0.80	7.590e-04
	1.000e+02	1.585e+02	0.80	0.84	4.240e-04
	1.000e+02	1.585e+02	0.84	0.88	6.350e-04
	1.000e+02	1.585e+02	0.88	0.92	5.170e-04
	1.000e+02	1.585e+02	0.92	0.96	4.220e-04
	1.000e+02	1.585e+02	0.96	1.00	1.090e-04
	1.585e+02	2.512e+02	-1.00	-0.96	0.000e+00
	1.585e+02	2.512e+02	-0.96	-0.92	0.000e+00
	1.585e+02	2.512e+02	-0.92	-0.88	0.000e+00
	1.585e+02	2.512e+02	-0.88	-0.84	0.000e+00
	1.585e+02	2.512e+02	-0.84	-0.80	0.000e+00
	1.585e+02	2.512e+02	-0.80	-0.76	0.000e+00
	1.585e+02	2.512e+02	-0.76	-0.72	0.000e+00
	1.585e+02	2.512e+02	-0.72	-0.68	0.000e+00
	1.585e+02	2.512e+02	-0.68	-0.64	0.000e+00
	1.585e+02	2.512e+02	-0.64	-0.60	0.000e+00
	1.585e+02	2.512e+02	-0.60	-0.56	0.000e+00
	1.585e+02	2.512e+02	-0.56	-0.52	0.000e+00
	1.585e+02	2.512e+02	-0.52	-0.48	0.000e+00
	1.585e+02	2.512e+02	-0.48	-0.44	0.000e+00
	1.585e+02	2.512e+02	-0.44	-0.40	0.000e+00
	1.585e+02	2.512e+02	-0.40	-0.36	0.000e+00
	1.585e+02	2.512e+02	-0.36	-0.32	0.000e+00
	1.585e+02	2.512e+02	-0.32	-0.28	0.000e+00
	1.585e+02	2.512e+02	-0.28	-0.24	0.000e+00
	1.585e+02	2.512e+02	-0.24	-0.20	0.000e+00
	1.585e+02	2.512e+02	-0.20	-0.16	0.000e+00
	1.585e+02	2.512e+02	-0.16	-0.12	0.000e+00
	1.585e+02	2.512e+02	-0.12	-0.08	0.000e+00
	1.585e+02	2.512e+02	-0.08	-0.04	1.320e-04
	1.585e+02	2.512e+02	-0.04	0.00	8.890e-04
	1.585e+02	2.512e+02	0.00	0.04	1.837e-03
	1.585e+02	2.512e+02	0.04	0.08	1.788e-03
	1.585e+02	2.512e+02	0.08	0.12	2.017e-03
	1.585e+02	2.512e+02	0.12	0.16	1.749e-03
	1.585e+02	2.512e+02	0.16	0.20	2.181e-03
	1.585e+02	2.512e+02	0.20	0.24	1.797e-03
	1.585e+02	2.512e+02	0.24	0.28	2.215e-03
	1.585e+02	2.512e+02	0.28	0.32	2.177e-03
	1.585e+02	2.512e+02	0.32	0.36	2.596e-03
	1.585e+02	2.512e+02	0.36	0.40	2.563e-03
	1.585e+02	2.512e+02	0.40	0.44	2.446e-03
	1.585e+02	2.512e+02	0.44	0.48	2.815e-03
	1.585e+02	2.512e+02	0.48	0.52	2.309e-03
	1.585e+02	2.512e+02	0.52	0.56	2.391e-03
	1.585e+02	2.512e+02	0.56	0.60	3.385e-03
	1.585e+02	2.512e+02	0.60	0.64	2.515e-03
	1.585e+02	2.512e+02	0.64	0.68	2.906e-03
	1.585e+02	2.512e+02	0.68	0.72	3.668e-03
	1.585e+02	2.512e+02	0.72	0.76	2.523e-03
	1.585e+02	2.512e+02	0.76	0.80	2.747e-03
	1.585e+02	2.512e+02	0.80	0.84	4.366e-03
	1.585e+02	2.512e+02	0.84	0.88	3.239e-03
	1.585e+02	2.512e+02	0.88	0.92	3.953e-03
	1.585e+02	2.512e+02	0.92	0.96	2.489e-03
	1.585e+02	2.512e+02	0.96	1.00	1.193e-03
	2.512e+02	3.981e+02	-1.00	-0.96	0.000e+00
	2.512e+02	3.981e+02	-0.96	-0.92	0.000e+00
	2.512e+02	3.981e+02	-0.92	-0.88	0.000e+00
	2.512e+02	3.981e+02	-0.88	-0.84	0.000e+00
	2.512e+02	3.981e+02	-0.84	-0.80	0.000e+00
	2.512e+02	3.981e+02	-0.80	-0.76	0.000e+00
	2.512e+02	3.981e+02	-0.76	-0.72	0.000e+00
	2.512e+02	3.981e+02	-0.72	-0.68	0.000e+00
	2.512e+02	3.981e+02	-0.68	-0.64	0.000e+00
	2.512e+02	3.981e+02	-0.64	-0.60	0.000e+00
	2.512e+02	3.981e+02	-0.60	-0.56	0.000e+00
	2.512e+02	3.981e+02	-0.56	-0.52	0.000e+00
	2.512e+02	3.981e+02	-0.52	-0.48	0.000e+00
	2.512e+02	3.981e+02	-0.48	-0.44	0.000e+00
	2.512e+02	3.981e+02	-0.44	-0.40	0.000e+00
	2.512e+02	3.981e+02	-0.40	-0.36	0.000e+00
	2.512e+02	3.981e+02	-0.36	-0.32	0.000e+00
	2.512e+02	3.981e+02	-0.32	-0.28	0.000e+00
	2.512e+02	3.981e+02	-0.28	-0.24	0.000e+00
	2.512e+02	3.981e+02	-0.24	-0.20	0.000e+00
	2.512e+02	3.981e+02	-0.20	-0.16	0.000e+00
	2.512e+02	3.981e+02	-0.16	-0.12	0.000e+00
	2.512e+02	3.981e+02	-0.12	-0.08	3.030e-04
	2.512e+02	3.981e+02	-0.08	-0.04	3.051e-03
	2.512e+02	3.981e+02	-0.04	0.00	5.242e-03
	2.512e+02	3.981e+02	0.00	0.04	6.990e-03
	2.512e+02	3.981e+02	0.04	0.08	9.698e-03
	2.512e+02	3.981e+02	0.08	0.12	9.335e-03
	2.512e+02	3.981e+02	0.12	0.16	9.656e-03
	2.512e+02	3.981e+02	0.16	0.20	9.444e-03
	2.512e+02	3.981e+02	0.20	0.24	9.471e-03
	2.512e+02	3.981e+02	0.24	0.28	1.163e-02
	2.512e+02	3.981e+02	0.28	0.32	9.864e-03
	2.512e+02	3.981e+02	0.32	0.36	1.183e-02
	2.512e+02	3.981e+02	0.36	0.40	1.187e-02
	2.512e+02	3.981e+02	0.40	0.44	9.275e-03
	2.512e+02	3.981e+02	0.44	0.48	1.243e-02
	2.512e+02	3.981e+02	0.48	0.52	1.184e-02
	2.512e+02	3.981e+02	0.52	0.56	9.761e-03
	2.512e+02	3.981e+02	0.56	0.60	1.272e-02
	2.512e+02	3.981e+02	0.60	0.64	1.096e-02
	2.512e+02	3.981e+02	0.64	0.68	1.055e-02
	2.512e+02	3.981e+02	0.68	0.72	1.530e-02
	2.512e+02	3.981e+02	0.72	0.76	1.135e-02
	2.512e+02	3.981e+02	0.76	0.80	1.132e-02
	2.512e+02	3.981e+02	0.80	0.84	1.365e-02
	2.512e+02	3.981e+02	0.84	0.88	1.452e-02
	2.512e+02	3.981e+02	0.88	0.92	1.289e-02
	2.512e+02	3.981e+02	0.92	0.96	1.345e-02
	2.512e+02	3.981e+02	0.96	1.00	8.509e-03
	3.981e+02	6.310e+02	-1.00	-0.96	0.000e+00
	3.981e+02	6.310e+02	-0.96	-0.92	0.000e+00
	3.981e+02	6.310e+02	-0.92	-0.88	0.000e+00
	3.981e+02	6.310e+02	-0.88	-0.84	0.000e+00
	3.981e+02	6.310e+02	-0.84	-0.80	0.000e+00
	3.981e+02	6.310e+02	-0.80	-0.76	0.000e+00
	3.981e+02	6.310e+02	-0.76	-0.72	0.000e+00
	3.981e+02	6.310e+02	-0.72	-0.68	0.000e+00
	3.981e+02	6.310e+02	-0.68	-0.64	0.000e+00
	3.981e+02	6.310e+02	-0.64	-0.60	0.000e+00
	3.981e+02	6.310e+02	-0.60	-0.56	0.000e+00
	3.981e+02	6.310e+02	-0.56	-0.52	0.000e+00
	3.981e+02	6.310e+02	-0.52	-0.48	0.000e+00
	3.981e+02	6.310e+02	-0.48	-0.44	0.000e+00
	3.981e+02	6.310e+02	-0.44	-0.40	0.000e+00
	3.981e+02	6.310e+02	-0.40	-0.36	0.000e+00
	3.981e+02	6.310e+02	-0.36	-0.32	0.000e+00
	3.981e+02	6.310e+02	-0.32	-0.28	0.000e+00
	3.981e+02	6.310e+02	-0.28	-0.24	0.000e+00
	3.981e+02	6.310e+02	-0.24	-0.20	0.000e+00
	3.981e+02	6.310e+02	-0.20	-0.16	0.000e+00
	3.981e+02	6.310e+02	-0.16	-0.12	0.000e+00
	3.981e+02	6.310e+02	-0.12	-0.08	1.713e-03
	3.981e+02	6.310e+02	-0.08	-0.04	9.176e-03
	3.981e+02	6.310e+02	-0.04	0.00	1.350e-02
	3.981e+02	6.310e+02	0.00	0.04	2.785e-02
	3.981e+02	6.310e+02	0.04	0.08	2.889e-02
	3.981e+02	6.310e+02	0.08	0.12	2.876e-02
	3.981e+02	6.310e+02	0.12	0.16	3.363e-02
	3.981e+02	6.310e+02	0.16	0.20	3.586e-02
	3.981e+02	6.310e+02	0.20	0.24	3.322e-02
	3.981e+02	6.310e+02	0.24	0.28	3.314e-02
	3.981e+02	6.310e+02	0.28	0.32	3.078e-02
	3.981e+02	6.310e+02	0.32	0.36	3.565e-02
	3.981e+02	6.310e+02	0.36	0.40	3.298e-02
	3.981e+02	6.310e+02	0.40	0.44	3.497e-02
	3.981e+02	6.310e+02	0.44	0.48	3.198e-02
	3.981e+02	6.310e+02	0.48	0.52	3.455e-02
	3.981e+02	6.310e+02	0.52	0.56	3.390e-02
	3.981e+02	6.310e+02	0.56	0.60	3.466e-02
	3.981e+02	6.310e+02	0.60	0.64	3.413e-02
	3.981e+02	6.310e+02	0.64	0.68	3.990e-02
	3.981e+02	6.310e+02	0.68	0.72	3.611e-02
	3.981e+02	6.310e+02	0.72	0.76	3.605e-02
	3.981e+02	6.310e+02	0.76	0.80	3.919e-02
	3.981e+02	6.310e+02	0.80	0.84	4.326e-02
	3.981e+02	6.310e+02	0.84	0.88	4.013e-02
	3.981e+02	6.310e+02	0.88	0.92	4.325e-02
	3.981e+02	6.310e+02	0.92	0.96	3.632e-02
	3.981e+02	6.310e+02	0.96	1.00	2.625e-02
	6.310e+02	1.000e+03	-1.00	-0.96	0.000e+00
	6.310e+02	1.000e+03	-0.96	-0.92	0.000e+00
	6.310e+02	1.000e+03	-0.92	-0.88	0.000e+00
	6.310e+02	1.000e+03	-0.88	-0.84	0.000e+00
	6.310e+02	1.000e+03	-0.84	-0.80	0.000e+00
	6.310e+02	1.000e+03	-0.80	-0.76	0.000e+00
	6.310e+02	1.000e+03	-0.76	-0.72	0.000e+00
	6.310e+02	1.000e+03	-0.72	-0.68	0.000e+00
	6.310e+02	1.000e+03	-0.68	-0.64	0.000e+00
	6.310e+02	1.000e+03	-0.64	-0.60	0.000e+00
	6.310e+02	1.000e+03	-0.60	-0.56	0.000e+00
	6.310e+02	1.000e+03	-0.56	-0.52	0.000e+00
	6.310e+02	1.000e+03	-0.52	-0.48	0.000e+00
	6.310e+02	1.000e+03	-0.48	-0.44	0.000e+00
	6.310e+02	1.000e+03	-0.44	-0.40	0.000e+00
	6.310e+02	1.000e+03	-0.40	-0.36	0.000e+00
	6.310e+02	1.000e+03	-0.36	-0.32	0.000e+00
	6.310e+02	1.000e+03	-0.32	-0.28	0.000e+00
	6.310e+02	1.000e+03	-0.28	-0.24	0.000e+00
	6.310e+02	1.000e+03	-0.24	-0.20	0.000e+00
	6.310e+02	1.000e+03	-0.20	-0.16	0.000e+00
	6.310e+02	1.000e+03	-0.16	-0.12	3.000e-04
	6.310e+02	1.000e+03	-0.12	-0.08	2.372e-03
	6.310e+02	1.000e+03	-0.08	-0.04	2.943e-02
	6.310e+02	1.000e+03	-0.04	0.00	4.291e-02
	6.310e+02	1.000e+03	0.00	0.04	7.108e-02
	6.310e+02	1.000e+03	0.04	0.08	8.653e-02
	6.310e+02	1.000e+03	0.08	0.12	8.913e-02
	6.310e+02	1.000e+03	0.12	0.16	8.954e-02
	6.310e+02	1.000e+03	0.16	0.20	7.948e-02
	6.310e+02	1.000e+03	0.20	0.24	8.541e-02
	6.310e+02	1.000e+03	0.24	0.28	8.874e-02
	6.310e+02	1.000e+03	0.28	0.32	8.916e-02
	6.310e+02	1.000e+03	0.32	0.36	9.252e-02
	6.310e+02	1.000e+03	0.36	0.40	9.631e-02
	6.310e+02	1.000e+03	0.40	0.44	9.681e-02
	6.310e+02	1.000e+03	0.44	0.48	1.080e-01
	6.310e+02	1.000e+03	0.48	0.52	8.639e-02
	6.310e+02	1.000e+03	0.52	0.56	1.057e-01
	6.310e+02	1.000e+03	0.56	0.60	9.653e-02
	6.310e+02	1.000e+03	0.60	0.64	1.042e-01
	6.310e+02	1.000e+03	0.64	0.68	1.101e-01
	6.310e+02	1.000e+03	0.68	0.72	9.602e-02
	6.310e+02	1.000e+03	0.72	0.76	9.819e-02
	6.310e+02	1.000e+03	0.76	0.80	1.116e-01
	6.310e+02	1.000e+03	0.80	0.84	1.076e-01
	6.310e+02	1.000e+03	0.84	0.88	1.072e-01
	6.310e+02	1.000e+03	0.88	0.92	1.020e-01
	6.310e+02	1.000e+03	0.92	0.96	9.916e-02
	6.310e+02	1.000e+03	0.96	1.00	7.354e-02
	1.000e+03	1.585e+03	-1.00	-0.96	0.000e+00
	1.000e+03	1.585e+03	-0.96	-0.92	0.000e+00
	1.000e+03	1.585e+03	-0.92	-0.88	0.000e+00
	1.000e+03	1.585e+03	-0.88	-0.84	0.000e+00
	1.000e+03	1.585e+03	-0.84	-0.80	0.000e+00
	1.000e+03	1.585e+03	-0.80	-0.76	0.000e+00
	1.000e+03	1.585e+03	-0.76	-0.72	0.000e+00
	1.000e+03	1.585e+03	-0.72	-0.68	0.000e+00
	1.000e+03	1.585e+03	-0.68	-0.64	0.000e+00
	1.000e+03	1.585e+03	-0.64	-0.60	0.000e+00
	1.000e+03	1.585e+03	-0.60	-0.56	0.000e+00
	1.000e+03	1.585e+03	-0.56	-0.52	0.000e+00
	1.000e+03	1.585e+03	-0.52	-0.48	0.000e+00
	1.000e+03	1.585e+03	-0.48	-0.44	0.000e+00
	1.000e+03	1.585e+03	-0.44	-0.40	0.000e+00
	1.000e+03	1.585e+03	-0.40	-0.36	0.000e+00
	1.000e+03	1.585e+03	-0.36	-0.32	0.000e+00
	1.000e+03	1.585e+03	-0.32	-0.28	0.000e+00
	1.000e+03	1.585e+03	-0.28	-0.24	0.000e+00
	1.000e+03	1.585e+03	-0.24	-0.20	0.000e+00
	1.000e+03	1.585e+03	-0.20	-0.16	0.000e+00
	1.000e+03	1.585e+03	-0.16	-0.12	1.303e-03
	1.000e+03	1.585e+03	-0.12	-0.08	1.736e-02
	1.000e+03	1.585e+03	-0.08	-0.04	1.092e-01
	1.000e+03	1.585e+03	-0.04	0.00	1.200e-01
	1.000e+03	1.585e+03	0.00	0.04	2.045e-01
	1.000e+03	1.585e+03	0.04	0.08	1.820e-01
	1.000e+03	1.585e+03	0.08	0.12	1.870e-01
	1.000e+03	1.585e+03	0.12	0.16	2.306e-01
	1.000e+03	1.585e+03	0.16	0.20	2.491e-01
	1.000e+03	1.585e+03	0.20	0.24	2.203e-01
	1.000e+03	1.585e+03	0.24	0.28	2.481e-01
	1.000e+03	1.585e+03	0.28	0.32	2.367e-01
	1.000e+03	1.585e+03	0.32	0.36	2.186e-01
	1.000e+03	1.585e+03	0.36	0.40	2.240e-01
	1.000e+03	1.585e+03	0.40	0.44	2.441e-01
	1.000e+03	1.585e+03	0.44	0.48	2.561e-01
	1.000e+03	1.585e+03	0.48	0.52	2.499e-01
	1.000e+03	1.585e+03	0.52	0.56	2.507e-01
	1.000e+03	1.585e+03	0.56	0.60	2.223e-01
	1.000e+03	1.585e+03	0.60	0.64	2.293e-01
	1.000e+03	1.585e+03	0.64	0.68	2.539e-01
	1.000e+03	1.585e+03	0.68	0.72	2.493e-01
	1.000e+03	1.585e+03	0.72	0.76	2.536e-01
	1.000e+03	1.585e+03	0.76	0.80	2.498e-01
	1.000e+03	1.585e+03	0.80	0.84	2.781e-01
	1.000e+03	1.585e+03	0.84	0.88	2.695e-01
	1.000e+03	1.585e+03	0.88	0.92	2.460e-01
	1.000e+03	1.585e+03	0.92	0.96	2.613e-01
	1.000e+03	1.585e+03	0.96	1.00	1.863e-01
	1.585e+03	2.512e+03	-1.00	-0.96	0.000e+00
	1.585e+03	2.512e+03	-0.96	-0.92	0.000e+00
	1.585e+03	2.512e+03	-0.92	-0.88	0.000e+00
	1.585e+03	2.512e+03	-0.88	-0.84	0.000e+00
	1.585e+03	2.512e+03	-0.84	-0.80	0.000e+00
	1.585e+03	2.512e+03	-0.80	-0.76	0.000e+00
	1.585e+03	2.512e+03	-0.76	-0.72	0.000e+00
	1.585e+03	2.512e+03	-0.72	-0.68	0.000e+00
	1.585e+03	2.512e+03	-0.68	-0.64	0.000e+00
	1.585e+03	2.512e+03	-0.64	-0.60	0.000e+00
	1.585e+03	2.512e+03	-0.60	-0.56	0.000e+00
	1.585e+03	2.512e+03	-0.56	-0.52	0.000e+00
	1.585e+03	2.512e+03	-0.52	-0.48	0.000e+00
	1.585e+03	2.512e+03	-0.48	-0.44	0.000e+00
	1.585e+03	2.512e+03	-0.44	-0.40	0.000e+00
	1.585e+03	2.512e+03	-0.40	-0.36	0.000e+00
	1.585e+03	2.512e+03	-0.36	-0.32	0.000e+00
	1.585e+03	2.512e+03	-0.32	-0.28	0.000e+00
	1.585e+03	2.512e+03	-0.28	-0.24	0.000e+00
	1.585e+03	2.512e+03	-0.24	-0.20	0.000e+00
	1.585e+03	2.512e+03	-0.20	-0.16	0.000e+00
	1.585e+03	2.512e+03	-0.16	-0.12	4.693e-03
	1.585e+03	2.512e+03	-0.12	-0.08	4.780e-02
	1.585e+03	2.512e+03	-0.08	-0.04	2.294e-01
	1.585e+03	2.512e+03	-0.04	0.00	3.344e-01
	1.585e+03	2.512e+03	0.00	0.04	4.501e-01
	1.585e+03	2.512e+03	0.04	0.08	4.890e-01
	1.585e+03	2.512e+03	0.08	0.12	4.934e-01
	1.585e+03	2.512e+03	0.12	0.16	5.102e-01
	1.585e+03	2.512e+03	0.16	0.20	4.995e-01
	1.585e+03	2.512e+03	0.20	0.24	5.635e-01
	1.585e+03	2.512e+03	0.24	0.28	5.163e-01
	1.585e+03	2.512e+03	0.28	0.32	5.636e-01
	1.585e+03	2.512e+03	0.32	0.36	5.759e-01
	1.585e+03	2.512e+03	0.36	0.40	5.550e-01
	1.585e+03	2.512e+03	0.40	0.44	5.580e-01
	1.585e+03	2.512e+03	0.44	0.48	5.946e-01
	1.585e+03	2.512e+03	0.48	0.52	5.900e-01
	1.585e+03	2.512e+03	0.52	0.56	5.832e-01
	1.585e+03	2.512e+03	0.56	0.60	5.860e-01
	1.585e+03	2.512e+03	0.60	0.64	5.959e-01
	1.585e+03	2.512e+03	0.64	0.68	5.894e-01
	1.585e+03	2.512e+03	0.68	0.72	6.298e-01
	1.585e+03	2.512e+03	0.72	0.76	5.796e-01
	1.585e+03	2.512e+03	0.76	0.80	6.204e-01
	1.585e+03	2.512e+03	0.80	0.84	6.129e-01
	1.585e+03	2.512e+03	0.84	0.88	5.993e-01
	1.585e+03	2.512e+03	0.88	0.92	6.308e-01
	1.585e+03	2.512e+03	0.92	0.96	5.418e-01
	1.585e+03	2.512e+03	0.96	1.00	4.395e-01
	2.512e+03	3.981e+03	-1.00	-0.96	0.000e+00
	2.512e+03	3.981e+03	-0.96	-0.92	0.000e+00
	2.512e+03	3.981e+03	-0.92	-0.88	0.000e+00
	2.512e+03	3.981e+03	-0.88	-0.84	0.000e+00
	2.512e+03	3.981e+03	-0.84	-0.80	0.000e+00
	2.512e+03	3.981e+03	-0.80	-0.76	0.000e+00
	2.512e+03	3.981e+03	-0.76	-0.72	0.000e+00
	2.512e+03	3.981e+03	-0.72	-0.68	0.000e+00
	2.512e+03	3.981e+03	-0.68	-0.64	0.000e+00
	2.512e+03	3.981e+03	-0.64	-0.60	0.000e+00
	2.512e+03	3.981e+03	-0.60	-0.56	0.000e+00
	2.512e+03	3.981e+03	-0.56	-0.52	0.000e+00
	2.512e+03	3.981e+03	-0.52	-0.48	0.000e+00
	2.512e+03	3.981e+03	-0.48	-0.44	0.000e+00
	2.512e+03	3.981e+03	-0.44	-0.40	0.000e+00
	2.512e+03	3.981e+03	-0.40	-0.36	0.000e+00
	2.512e+03	3.981e+03	-0.36	-0.32	0.000e+00
	2.512e+03	3.981e+03	-0.32	-0.28	0.000e+00
	2.512e+03	3.981e+03	-0.28	-0.24	0.000e+00
	2.512e+03	3.981e+03	-0.24	-0.20	0.000e+00
	2.512e+03	3.981e+03	-0.20	-0.16	4.210e-03
	2.512e+03	3.981e+03	-0.16	-0.12	3.174e-02
	2.512e+03	3.981e+03	-0.12	-0.08	1.382e-01
	2.512e+03	3.981e+03	-0.08	-0.04	6.297e-01
	2.512e+03	3.981e+03	-0.04	0.00	6.913e-01
	2.512e+03	3.981e+03	0.00	0.04	1.006e+00
	2.512e+03	3.981e+03	0.04	0.08	1.192e+00
	2.512e+03	3.981e+03	0.08	0.12	1.241e+00
	2.512e+03	3.981e+03	0.12	0.16	1.324e+00
	2.512e+03	3.981e+03	0.16	0.20	1.240e+00
	2.512e+03	3.981e+03	0.20	0.24	1.289e+00
	2.512e+03	3.981e+03	0.24	0.28	1.187e+00
	2.512e+03	3.981e+03	0.28	0.32	1.267e+00
	2.512e+03	3.981e+03	0.32	0.36	1.281e+00
	2.512e+03	3.981e+03	0.36	0.40	1.203e+00
	2.512e+03	3.981e+03	0.40	0.44	1.252e+00
	2.512e+03	3.981e+03	0.44	0.48	1.157e+00
	2.512e+03	3.981e+03	0.48	0.52	1.308e+00
	2.512e+03	3.981e+03	0.52	0.56	1.244e+00
	2.512e+03	3.981e+03	0.56	0.60	1.145e+00
	2.512e+03	3.981e+03	0.60	0.64	1.257e+00
	2.512e+03	3.981e+03	0.64	0.68	1.195e+00
	2.512e+03	3.981e+03	0.68	0.72	1.284e+00
	2.512e+03	3.981e+03	0.72	0.76	1.262e+00
	2.512e+03	3.981e+03	0.76	0.80	1.129e+00
	2.512e+03	3.981e+03	0.80	0.84	1.246e+00
	2.512e+03	3.981e+03	0.84	0.88	1.355e+00
	2.512e+03	3.981e+03	0.88	0.92	1.200e+00
	2.512e+03	3.981e+03	0.92	0.96	1.147e+00
	2.512e+03	3.981e+03	0.96	1.00	9.659e-01
	3.981e+03	6.310e+03	-1.00	-0.96	0.000e+00
	3.981e+03	6.310e+03	-0.96	-0.92	0.000e+00
	3.981e+03	6.310e+03	-0.92	-0.88	0.000e+00
	3.981e+03	6.310e+03	-0.88	-0.84	0.000e+00
	3.981e+03	6.310e+03	-0.84	-0.80	0.000e+00
	3.981e+03	6.310e+03	-0.80	-0.76	0.000e+00
	3.981e+03	6.310e+03	-0.76	-0.72	0.000e+00
	3.981e+03	6.310e+03	-0.72	-0.68	0.000e+00
	3.981e+03	6.310e+03	-0.68	-0.64	0.000e+00
	3.981e+03	6.310e+03	-0.64	-0.60	0.000e+00
	3.981e+03	6.310e+03	-0.60	-0.56	0.000e+00
	3.981e+03	6.310e+03	-0.56	-0.52	0.000e+00
	3.981e+03	6.310e+03	-0.52	-0.48	0.000e+00
	3.981e+03	6.310e+03	-0.48	-0.44	0.000e+00
	3.981e+03	6.310e+03	-0.44	-0.40	0.000e+00
	3.981e+03	6.310e+03	-0.40	-0.36	0.000e+00
	3.981e+03	6.310e+03	-0.36	-0.32	0.000e+00
	3.981e+03	6.310e+03	-0.32	-0.28	0.000e+00
	3.981e+03	6.310e+03	-0.28	-0.24	0.000e+00
	3.981e+03	6.310e+03	-0.24	-0.20	1.795e-03
	3.981e+03	6.310e+03	-0.20	-0.16	2.148e-02
	3.981e+03	6.310e+03	-0.16	-0.12	5.986e-02
	3.981e+03	6.310e+03	-0.12	-0.08	3.418e-01
	3.981e+03	6.310e+03	-0.08	-0.04	1.528e+00
	3.981e+03	6.310e+03	-0.04	0.00	1.791e+00
	3.981e+03	6.310e+03	0.00	0.04	2.372e+00
	3.981e+03	6.310e+03	0.04	0.08	2.587e+00
	3.981e+03	6.310e+03	0.08	0.12	2.513e+00
	3.981e+03	6.310e+03	0.12	0.16	2.536e+00
	3.981e+03	6.310e+03	0.16	0.20	2.615e+00
	3.981e+03	6.310e+03	0.20	0.24	2.670e+00
	3.981e+03	6.310e+03	0.24	0.28	2.623e+00
	3.981e+03	6.310e+03	0.28	0.32	2.673e+00
	3.981e+03	6.310e+03	0.32	0.36	2.694e+00
	3.981e+03	6.310e+03	0.36	0.40	2.542e+00
	3.981e+03	6.310e+03	0.40	0.44	2.819e+00
	3.981e+03	6.310e+03	0.44	0.48	2.706e+00
	3.981e+03	6.310e+03	0.48	0.52	2.881e+00
	3.981e+03	6.310e+03	0.52	0.56	2.627e+00
	3.981e+03	6.310e+03	0.56	0.60	2.467e+00
	3.981e+03	6.310e+03	0.60	0.64	2.528e+00
	3.981e+03	6.310e+03	0.64	0.68	2.474e+00
	3.981e+03	6.310e+03	0.68	0.72	2.602e+00
	3.981e+03	6.310e+03	0.72	0.76	2.612e+00
	3.981e+03	6.310e+03	0.76	0.80	2.488e+00
	3.981e+03	6.310e+03	0.80	0.84	2.531e+00
	3.981e+03	6.310e+03	0.84	0.88	2.381e+00
	3.981e+03	6.310e+03	0.88	0.92	2.522e+00
	3.981e+03	6.310e+03	0.92	0.96	2.153e+00
	3.981e+03	6.310e+03	0.96	1.00	1.927e+00
	6.310e+03	1.000e+04	-1.00	-0.96	0.000e+00
	6.310e+03	1.000e+04	-0.96	-0.92	0.000e+00
	6.310e+03	1.000e+04	-0.92	-0.88	0.000e+00
	6.310e+03	1.000e+04	-0.88	-0.84	0.000e+00
	6.310e+03	1.000e+04	-0.84	-0.80	0.000e+00
	6.310e+03	1.000e+04	-0.80	-0.76	0.000e+00
	6.310e+03	1.000e+04	-0.76	-0.72	0.000e+00
	6.310e+03	1.000e+04	-0.72	-0.68	0.000e+00
	6.310e+03	1.000e+04	-0.68	-0.64	0.000e+00
	6.310e+03	1.000e+04	-0.64	-0.60	0.000e+00
	6.310e+03	1.000e+04	-0.60	-0.56	0.000e+00
	6.310e+03	1.000e+04	-0.56	-0.52	0.000e+00
	6.310e+03	1.000e+04	-0.52	-0.48	0.000e+00
	6.310e+03	1.000e+04	-0.48	-0.44	0.000e+00
	6.310e+03	1.000e+04	-0.44	-0.40	0.000e+00
	6.310e+03	1.000e+04	-0.40	-0.36	0.000e+00
	6.310e+03	1.000e+04	-0.36	-0.32	0.000e+00
	6.310e+03	1.000e+04	-0.32	-0.28	0.000e+00
	6.310e+03	1.000e+04	-0.28	-0.24	2.258e-03
	6.310e+03	1.000e+04	-0.24	-0.20	7.699e-03
	6.310e+03	1.000e+04	-0.20	-0.16	4.028e-02
	6.310e+03	1.000e+04	-0.16	-0.12	1.886e-01
	6.310e+03	1.000e+04	-0.12	-0.08	1.033e+00
	6.310e+03	1.000e+04	-0.08	-0.04	3.450e+00
	6.310e+03	1.000e+04	-0.04	0.00	3.870e+00
	6.310e+03	1.000e+04	0.00	0.04	4.644e+00
	6.310e+03	1.000e+04	0.04	0.08	5.117e+00
	6.310e+03	1.000e+04	0.08	0.12	5.038e+00
	6.310e+03	1.000e+04	0.12	0.16	5.359e+00
	6.310e+03	1.000e+04	0.16	0.20	5.423e+00
	6.310e+03	1.000e+04	0.20	0.24	5.060e+00
	6.310e+03	1.000e+04	0.24	0.28	5.332e+00
	6.310e+03	1.000e+04	0.28	0.32	5.341e+00
	6.310e+03	1.000e+04	0.32	0.36	5.025e+00
	6.310e+03	1.000e+04	0.36	0.40	5.173e+00
	6.310e+03	1.000e+04	0.40	0.44	5.299e+00
	6.310e+03	1.000e+04	0.44	0.48	4.938e+00
	6.310e+03	1.000e+04	0.48	0.52	5.217e+00
	6.310e+03	1.000e+04	0.52	0.56	4.972e+00
	6.310e+03	1.000e+04	0.56	0.60	4.906e+00
	6.310e+03	1.000e+04	0.60	0.64	4.806e+00
	6.310e+03	1.000e+04	0.64	0.68	5.108e+00
	6.310e+03	1.000e+04	0.68	0.72	4.722e+00
	6.310e+03	1.000e+04	0.72	0.76	4.945e+00
	6.310e+03	1.000e+04	0.76	0.80	4.462e+00
	6.310e+03	1.000e+04	0.80	0.84	4.581e+00
	6.310e+03	1.000e+04	0.84	0.88	4.583e+00
	6.310e+03	1.000e+04	0.88	0.92	4.194e+00
	6.310e+03	1.000e+04	0.92	0.96	4.347e+00
	6.310e+03	1.000e+04	0.96	1.00	3.476e+00
	1.000e+04	1.585e+04	-1.00	-0.96	0.000e+00
	1.000e+04	1.585e+04	-0.96	-0.92	0.000e+00
	1.000e+04	1.585e+04	-0.92	-0.88	0.000e+00
	1.000e+04	1.585e+04	-0.88	-0.84	0.000e+00
	1.000e+04	1.585e+04	-0.84	-0.80	0.000e+00
	1.000e+04	1.585e+04	-0.80	-0.76	0.000e+00
	1.000e+04	1.585e+04	-0.76	-0.72	0.000e+00
	1.000e+04	1.585e+04	-0.72	-0.68	0.000e+00
	1.000e+04	1.585e+04	-0.68	-0.64	0.000e+00
	1.000e+04	1.585e+04	-0.64	-0.60	0.000e+00
	1.000e+04	1.585e+04	-0.60	-0.56	0.000e+00
	1.000e+04	1.585e+04	-0.56	-0.52	0.000e+00
	1.000e+04	1.585e+04	-0.52	-0.48	0.000e+00
	1.000e+04	1.585e+04	-0.48	-0.44	0.000e+00
	1.000e+04	1.585e+04	-0.44	-0.40	0.000e+00
	1.000e+04	1.585e+04	-0.40	-0.36	0.000e+00
	1.000e+04	1.585e+04	-0.36	-0.32	0.000e+00
	1.000e+04	1.585e+04	-0.32	-0.28	1.998e-02
	1.000e+04	1.585e+04	-0.28	-0.24	1.786e-02
	1.000e+04	1.585e+04	-0.24	-0.20	3.651e-02
	1.000e+04	1.585e+04	-0.20	-0.16	1.189e-01
	1.000e+04	1.585e+04	-0.16	-0.12	4.206e-01
	1.000e+04	1.585e+04	-0.12	-0.08	2.227e+00
	1.000e+04	1.585e+04	-0.08	-0.04	6.758e+00
	1.000e+04	1.585e+04	-0.04	0.00	7.423e+00
	1.000e+04	1.585e+04	0.00	0.04	9.744e+00
	1.000e+04	1.585e+04	0.04	0.08	9.789e+00
	1.000e+04	1.585e+04	0.08	0.12	1.014e+01
	1.000e+04	1.585e+04	0.12	0.16	1.048e+01
	1.000e+04	1.585e+04	0.16	0.20	9.877e+00
	1.000e+04	1.585e+04	0.20	0.24	9.822e+00
	1.000e+04	1.585e+04	0.24	0.28	9.477e+00
	1.000e+04	1.585e+04	0.28	0.32	9.295e+00
	1.000e+04	1.585e+04	0.32	0.36	9.095e+00
	1.000e+04	1.585e+04	0.36	0.40	9.163e+00
	1.000e+04	1.585e+04	0.40	0.44	9.680e+00
	1.000e+04	1.585e+04	0.44	0.48	9.645e+00
	1.000e+04	1.585e+04	0.48	0.52	8.840e+00
	1.000e+04	1.585e+04	0.52	0.56	8.842e+00
	1.000e+04	1.585e+04	0.56	0.60	9.484e+00
	1.000e+04	1.585e+04	0.60	0.64	8.551e+00
	1.000e+04	1.585e+04	0.64	0.68	8.390e+00
	1.000e+04	1.585e+04	0.68	0.72	7.954e+00
	1.000e+04	1.585e+04	0.72	0.76	8.399e+00
	1.000e+04	1.585e+04	0.76	0.80	7.648e+00
	1.000e+04	1.585e+04	0.80	0.84	8.118e+00
	1.000e+04	1.585e+04	0.84	0.88	7.371e+00
	1.000e+04	1.585e+04	0.88	0.92	7.076e+00
	1.000e+04	1.585e+04	0.92	0.96	6.645e+00
	1.000e+04	1.585e+04	0.96	1.00	5.501e+00
	1.585e+04	2.512e+04	-1.00	-0.96	0.000e+00
	1.585e+04	2.512e+04	-0.96	-0.92	0.000e+00
	1.585e+04	2.512e+04	-0.92	-0.88	0.000e+00
	1.585e+04	2.512e+04	-0.88	-0.84	0.000e+00
	1.585e+04	2.512e+04	-0.84	-0.80	0.000e+00
	1.585e+04	2.512e+04	-0.80	-0.76	7.371e-03
	1.585e+04	2.512e+04	-0.76	-0.72	2.396e-03
	1.585e+04	2.512e+04	-0.72	-0.68	5.655e-03
	1.585e+04	2.512e+04	-0.68	-0.64	5.977e-03
	1.585e+04	2.512e+04	-0.64	-0.60	1.293e-02
	1.585e+04	2.512e+04	-0.60	-0.56	8.212e-03
	1.585e+04	2.512e+04	-0.56	-0.52	1.654e-02
	1.585e+04	2.512e+04	-0.52	-0.48	5.778e-03
	1.585e+04	2.512e+04	-0.48	-0.44	0.000e+00
	1.585e+04	2.512e+04	-0.44	-0.40	0.000e+00
	1.585e+04	2.512e+04	-0.40	-0.36	9.381e-03
	1.585e+04	2.512e+04	-0.36	-0.32	2.750e-02
	1.585e+04	2.512e+04	-0.32	-0.28	3.376e-02
	1.585e+04	2.512e+04	-0.28	-0.24	1.166e-01
	1.585e+04	2.512e+04	-0.24	-0.20	2.478e-01
	1.585e+04	2.512e+04	-0.20	-0.16	4.026e-01
	1.585e+04	2.512e+04	-0.16	-0.12	1.357e+00
	1.585e+04	2.512e+04	-0.12	-0.08	5.729e+00
	1.585e+04	2.512e+04	-0.08	-0.04	1.216e+01
	1.585e+04	2.512e+04	-0.04	0.00	1.360e+01
	1.585e+04	2.512e+04	0.00	0.04	1.668e+01
	1.585e+04	2.512e+04	0.04	0.08	1.684e+01
	1.585e+04	2.512e+04	0.08	0.12	1.649e+01
	1.585e+04	2.512e+04	0.12	0.16	1.749e+01
	1.585e+04	2.512e+04	0.16	0.20	1.644e+01
	1.585e+04	2.512e+04	0.20	0.24	1.770e+01
	1.585e+04	2.512e+04	0.24	0.28	1.687e+01
	1.585e+04	2.512e+04	0.28	0.32	1.688e+01
	1.585e+04	2.512e+04	0.32	0.36	1.694e+01
	1.585e+04	2.512e+04	0.36	0.40	1.590e+01
	1.585e+04	2.512e+04	0.40	0.44	1.609e+01
	1.585e+04	2.512e+04	0.44	0.48	1.595e+01
	1.585e+04	2.512e+04	0.48	0.52	1.517e+01
	1.585e+04	2.512e+04	0.52	0.56	1.535e+01
	1.585e+04	2.512e+04	0.56	0.60	1.416e+01
	1.585e+04	2.512e+04	0.60	0.64	1.493e+01
	1.585e+04	2.512e+04	0.64	0.68	1.445e+01
	1.585e+04	2.512e+04	0.68	0.72	1.394e+01
	1.585e+04	2.512e+04	0.72	0.76	1.387e+01
	1.585e+04	2.512e+04	0.76	0.80	1.241e+01
	1.585e+04	2.512e+04	0.80	0.84	1.331e+01
	1.585e+04	2.512e+04	0.84	0.88	1.243e+01
	1.585e+04	2.512e+04	0.88	0.92	1.154e+01
	1.585e+04	2.512e+04	0.92	0.96	9.927e+00
	1.585e+04	2.512e+04	0.96	1.00	9.108e+00
	2.512e+04	3.981e+04	-1.00	-0.96	2.202e-02
	2.512e+04	3.981e+04	-0.96	-0.92	1.653e-02
	2.512e+04	3.981e+04	-0.92	-0.88	1.514e-02
	2.512e+04	3.981e+04	-0.88	-0.84	2.724e-02
	2.512e+04	3.981e+04	-0.84	-0.80	2.979e-02
	2.512e+04	3.981e+04	-0.80	-0.76	1.068e-02
	2.512e+04	3.981e+04	-0.76	-0.72	2.363e-02
	2.512e+04	3.981e+04	-0.72	-0.68	1.460e-02
	2.512e+04	3.981e+04	-0.68	-0.64	1.807e-02
	2.512e+04	3.981e+04	-0.64	-0.60	1.708e-02
	2.512e+04	3.981e+04	-0.60	-0.56	1.802e-02
	2.512e+04	3.981e+04	-0.56	-0.52	3.118e-02
	2.512e+04	3.981e+04	-0.52	-0.48	2.816e-02
	2.512e+04	3.981e+04	-0.48	-0.44	3.846e-02
	2.512e+04	3.981e+04	-0.44	-0.40	2.919e-02
	2.512e+04	3.981e+04	-0.40	-0.36	7.115e-02
	2.512e+04	3.981e+04	-0.36	-0.32	1.348e-01
	2.512e+04	3.981e+04	-0.32	-0.28	2.388e-01
	2.512e+04	3.981e+04	-0.28	-0.24	3.023e-01
	2.512e+04	3.981e+04	-0.24	-0.20	5.912e-01
	2.512e+04	3.981e+04	-0.20	-0.16	1.214e+00
	2.512e+04	3.981e+04	-0.16	-0.12	3.455e+00
	2.512e+04	3.981e+04	-0.12	-0.08	1.167e+01
	2.512e+04	3.981e+04	-0.08	-0.04	2.070e+01
	2.512e+04	3.981e+04	-0.04	0.00	2.559e+01
	2.512e+04	3.981e+04	0.00	0.04	2.968e+01
	2.512e+04	3.981e+04	0.04	0.08	3.057e+01
	2.512e+04	3.981e+04	0.08	0.12	2.921e+01
	2.512e+04	3.981e+04	0.12	0.16	2.850e+01
	2.512e+04	3.981e+04	0.16	0.20	2.882e+01
	2.512e+04	3.981e+04	0.20	0.24	2.704e+01
	2.512e+04	3.981e+04	0.24	0.28	2.841e+01
	2.512e+04	3.981e+04	0.28	0.32	2.770e+01
	2.512e+04	3.981e+04	0.32	0.36	2.663e+01
	2.512e+04	3.981e+04	0.36	0.40	2.561e+01
	2.512e+04	3.981e+04	0.40	0.44	2.660e+01
	2.512e+04	3.981e+04	0.44	0.48	2.508e+01
	2.512e+04	3.981e+04	0.48	0.52	2.423e+01
	2.512e+04	3.981e+04	0.52	0.56	2.444e+01
	2.512e+04	3.981e+04	0.56	0.60	2.320e+01
	2.512e+04	3.981e+04	0.60	0.64	2.257e+01
	2.512e+04	3.981e+04	0.64	0.68	2.229e+01
	2.512e+04	3.981e+04	0.68	0.72	2.242e+01
	2.512e+04	3.981e+04	0.72	0.76	2.198e+01
	2.512e+04	3.981e+04	0.76	0.80	2.006e+01
	2.512e+04	3.981e+04	0.80	0.84	2.035e+01
	2.512e+04	3.981e+04	0.84	0.88	1.777e+01
	2.512e+04	3.981e+04	0.88	0.92	1.726e+01
	2.512e+04	3.981e+04	0.92	0.96	1.446e+01
	2.512e+04	3.981e+04	0.96	1.00	1.217e+01
	3.981e+04	6.310e+04	-1.00	-0.96	1.001e-01
	3.981e+04	6.310e+04	-0.96	-0.92	4.716e-02
	3.981e+04	6.310e+04	-0.92	-0.88	4.074e-02
	3.981e+04	6.310e+04	-0.88	-0.84	5.482e-02
	3.981e+04	6.310e+04	-0.84	-0.80	5.971e-02
	3.981e+04	6.310e+04	-0.80	-0.76	8.035e-02
	3.981e+04	6.310e+04	-0.76	-0.72	5.281e-02
	3.981e+04	6.310e+04	-0.72	-0.68	6.014e-02
	3.981e+04	6.310e+04	-0.68	-0.64	7.606e-02
	3.981e+04	6.310e+04	-0.64	-0.60	8.793e-02
	3.981e+04	6.310e+04	-0.60	-0.56	6.444e-02
	3.981e+04	6.310e+04	-0.56	-0.52	9.212e-02
	3.981e+04	6.310e+04	-0.52	-0.48	1.042e-01
	3.981e+04	6.310e+04	-0.48	-0.44	2.318e-01
	3.981e+04	6.310e+04	-0.44	-0.40	1.617e-01
	3.981e+04	6.310e+04	-0.40	-0.36	3.450e-01
	3.981e+04	6.310e+04	-0.36	-0.32	4.205e-01
	3.981e+04	6.310e+04	-0.32	-0.28	5.115e-01
	3.981e+04	6.310e+04	-0.28	-0.24	1.116e+00
	3.981e+04	6.310e+04	-0.24	-0.20	1.867e+00
	3.981e+04	6.310e+04	-0.20	-0.16	3.619e+00
	3.981e+04	6.310e+04	-0.16	-0.12	8.273e+00
	3.981e+04	6.310e+04	-0.12	-0.08	2.052e+01
	3.981e+04	6.310e+04	-0.08	-0.04	3.715e+01
	3.981e+04	6.310e+04	-0.04	0.00	3.858e+01
	3.981e+04	6.310e+04	0.00	0.04	4.737e+01
	3.981e+04	6.310e+04	0.04	0.08	4.781e+01
	3.981e+04	6.310e+04	0.08	0.12	4.650e+01
	3.981e+04	6.310e+04	0.12	0.16	4.683e+01
	3.981e+04	6.310e+04	0.16	0.20	4.484e+01
	3.981e+04	6.310e+04	0.20	0.24	4.293e+01
	3.981e+04	6.310e+04	0.24	0.28	4.249e+01
	3.981e+04	6.310e+04	0.28	0.32	4.351e+01
	3.981e+04	6.310e+04	0.32	0.36	3.976e+01
	3.981e+04	6.310e+04	0.36	0.40	3.876e+01
	3.981e+04	6.310e+04	0.40	0.44	3.811e+01
	3.981e+04	6.310e+04	0.44	0.48	3.958e+01
	3.981e+04	6.310e+04	0.48	0.52	3.865e+01
	3.981e+04	6.310e+04	0.52	0.56	3.559e+01
	3.981e+04	6.310e+04	0.56	0.60	3.488e+01
	3.981e+04	6.310e+04	0.60	0.64	3.274e+01
	3.981e+04	6.310e+04	0.64	0.68	3.320e+01
	3.981e+04	6.310e+04	0.68	0.72	3.256e+01
	3.981e+04	6.310e+04	0.72	0.76	3.300e+01
	3.981e+04	6.310e+04	0.76	0.80	2.888e+01
	3.981e+04	6.310e+04	0.80	0.84	3.035e+01
	3.981e+04	6.310e+04	0.84	0.88	2.559e+01
	3.981e+04	6.310e+04	0.88	0.92	2.146e+01
	3.981e+04	6.310e+04	0.92	0.96	1.752e+01
	3.981e+04	6.310e+04	0.96	1.00	1.463e+01
	6.310e+04	1.000e+05	-1.00	-0.96	3.906e-01
	6.310e+04	1.000e+05	-0.96	-0.92	2.429e-01
	6.310e+04	1.000e+05	-0.92	-0.88	2.150e-01
	6.310e+04	1.000e+05	-0.88	-0.84	1.407e-01
	6.310e+04	1.000e+05	-0.84	-0.80	1.940e-01
	6.310e+04	1.000e+05	-0.80	-0.76	1.537e-01
	6.310e+04	1.000e+05	-0.76	-0.72	2.730e-01
	6.310e+04	1.000e+05	-0.72	-0.68	1.921e-01
	6.310e+04	1.000e+05	-0.68	-0.64	2.513e-01
	6.310e+04	1.000e+05	-0.64	-0.60	2.455e-01
	6.310e+04	1.000e+05	-0.60	-0.56	2.341e-01
	6.310e+04	1.000e+05	-0.56	-0.52	4.086e-01
	6.310e+04	1.000e+05	-0.52	-0.48	5.381e-01
	6.310e+04	1.000e+05	-0.48	-0.44	6.949e-01
	6.310e+04	1.000e+05	-0.44	-0.40	8.997e-01
	6.310e+04	1.000e+05	-0.40	-0.36	9.799e-01
	6.310e+04	1.000e+05	-0.36	-0.32	1.409e+00
	6.310e+04	1.000e+05	-0.32	-0.28	1.635e+00
	6.310e+04	1.000e+05	-0.28	-0.24	2.861e+00
	6.310e+04	1.000e+05	-0.24	-0.20	5.110e+00
	6.310e+04	1.000e+05	-0.20	-0.16	8.712e+00
	6.310e+04	1.000e+05	-0.16	-0.12	1.780e+01
	6.310e+04	1.000e+05	-0.12	-0.08	3.692e+01
	6.310e+04	1.000e+05	-0.08	-0.04	5.936e+01
	6.310e+04	1.000e+05	-0.04	0.00	6.915e+01
	6.310e+04	1.000e+05	0.00	0.04	7.704e+01
	6.310e+04	1.000e+05	0.04	0.08	7.795e+01
	6.310e+04	1.000e+05	0.08	0.12	7.272e+01
	6.310e+04	1.000e+05	0.12	0.16	7.021e+01
	6.310e+04	1.000e+05	0.16	0.20	6.458e+01
	6.310e+04	1.000e+05	0.20	0.24	6.687e+01
	6.310e+04	1.000e+05	0.24	0.28	6.258e+01
	6.310e+04	1.000e+05	0.28	0.32	6.414e+01
	6.310e+04	1.000e+05	0.32	0.36	6.038e+01
	6.310e+04	1.000e+05	0.36	0.40	5.989e+01
	6.310e+04	1.000e+05	0.40	0.44	5.638e+01
	6.310e+04	1.000e+05	0.44	0.48	5.383e+01
	6.310e+04	1.000e+05	0.48	0.52	5.443e+01
	6.310e+04	1.000e+05	0.52	0.56	5.066e+01
	6.310e+04	1.000e+05	0.56	0.60	5.036e+01
	6.310e+04	1.000e+05	0.60	0.64	4.831e+01
	6.310e+04	1.000e+05	0.64	0.68	4.927e+01
	6.310e+04	1.000e+05	0.68	0.72	4.604e+01
	6.310e+04	1.000e+05	0.72	0.76	4.304e+01
	6.310e+04	1.000e+05	0.76	0.80	4.018e+01
	6.310e+04	1.000e+05	0.80	0.84	3.643e+01
	6.310e+04	1.000e+05	0.84	0.88	3.274e+01
	6.310e+04	1.000e+05	0.88	0.92	2.894e+01
	6.310e+04	1.000e+05	0.92	0.96	2.151e+01
	6.310e+04	1.000e+05	0.96	1.00	1.868e+01
	1.000e+05	1.585e+05	-1.00	-0.96	1.660e+00
	1.000e+05	1.585e+05	-0.96	-0.92	8.460e-01
	1.000e+05	1.585e+05	-0.92	-0.88	6.608e-01
	1.000e+05	1.585e+05	-0.88	-0.84	5.822e-01
	1.000e+05	1.585e+05	-0.84	-0.80	7.523e-01
	1.000e+05	1.585e+05	-0.80	-0.76	4.940e-01
	1.000e+05	1.585e+05	-0.76	-0.72	7.087e-01
	1.000e+05	1.585e+05	-0.72	-0.68	4.307e-01
	1.000e+05	1.585e+05	-0.68	-0.64	7.076e-01
	1.000e+05	1.585e+05	-0.64	-0.60	1.000e+00
	1.000e+05	1.585e+05	-0.60	-0.56	9.345e-01
	1.000e+05	1.585e+05	-0.56	-0.52	8.928e-01
	1.000e+05	1.585e+05	-0.52	-0.48	1.580e+00
	1.000e+05	1.585e+05	-0.48	-0.44	1.843e+00
	1.000e+05	1.585e+05	-0.44	-0.40	2.430e+00
	1.000e+05	1.585e+05	-0.40	-0.36	2.792e+00
	1.000e+05	1.585e+05	-0.36	-0.32	3.971e+00
	1.000e+05	1.585e+05	-0.32	-0.28	4.888e+00
	1.000e+05	1.585e+05	-0.28	-0.24	8.264e+00
	1.000e+05	1.585e+05	-0.24	-0.20	1.215e+01
	1.000e+05	1.585e+05	-0.20	-0.16	2.032e+01
	1.000e+05	1.585e+05	-0.16	-0.12	3.730e+01
	1.000e+05	1.585e+05	-0.12	-0.08	6.482e+01
	1.000e+05	1.585e+05	-0.08	-0.04	8.879e+01
	1.000e+05	1.585e+05	-0.04	0.00	1.003e+02
	1.000e+05	1.585e+05	0.00	0.04	1.082e+02
	1.000e+05	1.585e+05	0.04	0.08	1.170e+02
	1.000e+05	1.585e+05	0.08	0.12	1.045e+02
	1.000e+05	1.585e+05	0.12	0.16	1.022e+02
	1.000e+05	1.585e+05	0.16	0.20	1.032e+02
	1.000e+05	1.585e+05	0.20	0.24	9.279e+01
	1.000e+05	1.585e+05	0.24	0.28	9.457e+01
	1.000e+05	1.585e+05	0.28	0.32	8.642e+01
	1.000e+05	1.585e+05	0.32	0.36	9.114e+01
	1.000e+05	1.585e+05	0.36	0.40	8.149e+01
	1.000e+05	1.585e+05	0.40	0.44	7.849e+01
	1.000e+05	1.585e+05	0.44	0.48	7.856e+01
	1.000e+05	1.585e+05	0.48	0.52	7.472e+01
	1.000e+05	1.585e+05	0.52	0.56	6.821e+01
	1.000e+05	1.585e+05	0.56	0.60	6.797e+01
	1.000e+05	1.585e+05	0.60	0.64	6.963e+01
	1.000e+05	1.585e+05	0.64	0.68	6.343e+01
	1.000e+05	1.585e+05	0.68	0.72	6.030e+01
	1.000e+05	1.585e+05	0.72	0.76	5.484e+01
	1.000e+05	1.585e+05	0.76	0.80	5.630e+01
	1.000e+05	1.585e+05	0.80	0.84	4.999e+01
	1.000e+05	1.585e+05	0.84	0.88	3.865e+01
	1.000e+05	1.585e+05	0.88	0.92	3.286e+01
	1.000e+05	1.585e+05	0.92	0.96	2.231e+01
	1.000e+05	1.585e+05	0.96	1.00	2.072e+01
	1.585e+05	2.512e+05	-1.00	-0.96	4.229e+00
	1.585e+05	2.512e+05	-0.96	-0.92	3.036e+00
	1.585e+05	2.512e+05	-0.92	-0.88	1.862e+00
	1.585e+05	2.512e+05	-0.88	-0.84	2.096e+00
	1.585e+05	2.512e+05	-0.84	-0.80	1.907e+00
	1.585e+05	2.512e+05	-0.80	-0.76	1.721e+00
	1.585e+05	2.512e+05	-0.76	-0.72	2.165e+00
	1.585e+05	2.512e+05	-0.72	-0.68	2.357e+00
	1.585e+05	2.512e+05	-0.68	-0.64	2.422e+00
	1.585e+05	2.512e+05	-0.64	-0.60	2.777e+00
	1.585e+05	2.512e+05	-0.60	-0.56	3.038e+00
	1.585e+05	2.512e+05	-0.56	-0.52	3.621e+00
	1.585e+05	2.512e+05	-0.52	-0.48	4.688e+00
	1.585e+05	2.512e+05	-0.48	-0.44	5.270e+00
	1.585e+05	2.512e+05	-0.44	-0.40	6.114e+00
	1.585e+05	2.512e+05	-0.40	-0.36	7.803e+00
	1.585e+05	2.512e+05	-0.36	-0.32	9.139e+00
	1.585e+05	2.512e+05	-0.32	-0.28	1.241e+01
	1.585e+05	2.512e+05	-0.28	-0.24	1.755e+01
	1.585e+05	2.512e+05	-0.24	-0.20	2.640e+01
	1.585e+05	2.512e+05	-0.20	-0.16	4.214e+01
	1.585e+05	2.512e+05	-0.16	-0.12	6.410e+01
	1.585e+05	2.512e+05	-0.12	-0.08	1.004e+02
	1.585e+05	2.512e+05	-0.08	-0.04	1.380e+02
	1.585e+05	2.512e+05	-0.04	0.00	1.468e+02
	1.585e+05	2.512e+05	0.00	0.04	1.673e+02
	1.585e+05	2.512e+05	0.04	0.08	1.734e+02
	1.585e+05	2.512e+05	0.08	0.12	1.587e+02
	1.585e+05	2.512e+05	0.12	0.16	1.379e+02
	1.585e+05	2.512e+05	0.16	0.20	1.445e+02
	1.585e+05	2.512e+05	0.20	0.24	1.356e+02
	1.585e+05	2.512e+05	0.24	0.28	1.357e+02
	1.585e+05	2.512e+05	0.28	0.32	1.215e+02
	1.585e+05	2.512e+05	0.32	0.36	1.279e+02
	1.585e+05	2.512e+05	0.36	0.40	1.161e+02
	1.585e+05	2.512e+05	0.40	0.44	1.023e+02
	1.585e+05	2.512e+05	0.44	0.48	1.022e+02
	1.585e+05	2.512e+05	0.48	0.52	9.883e+01
	1.585e+05	2.512e+05	0.52	0.56	9.288e+01
	1.585e+05	2.512e+05	0.56	0.60	8.234e+01
	1.585e+05	2.512e+05	0.60	0.64	8.067e+01
	1.585e+05	2.512e+05	0.64	0.68	7.806e+01
	1.585e+05	2.512e+05	0.68	0.72	7.145e+01
	1.585e+05	2.512e+05	0.72	0.76	6.483e+01
	1.585e+05	2.512e+05	0.76	0.80	5.806e+01
	1.585e+05	2.512e+05	0.80	0.84	5.839e+01
	1.585e+05	2.512e+05	0.84	0.88	4.063e+01
	1.585e+05	2.512e+05	0.88	0.92	3.521e+01
	1.585e+05	2.512e+05	0.92	0.96	2.931e+01
	1.585e+05	2.512e+05	0.96	1.00	1.808e+01
	2.512e+05	3.981e+05	-1.00	-0.96	1.088e+01
	2.512e+05	3.981e+05	-0.96	-0.92	7.393e+00
	2.512e+05	3.981e+05	-0.92	-0.88	6.220e+00
	2.512e+05	3.981e+05	-0.88	-0.84	5.577e+00
	2.512e+05	3.981e+05	-0.84	-0.80	4.904e+00
	2.512e+05	3.981e+05	-0.80	-0.76	5.449e+00
	2.512e+05	3.981e+05	-0.76	-0.72	5.930e+00
	2.512e+05	3.981e+05	-0.72	-0.68	5.982e+00
	2.512e+05	3.981e+05	-0.68	-0.64	6.717e+00
	2.512e+05	3.981e+05	-0.64	-0.60	7.681e+00
	2.512e+05	3.981e+05	-0.60	-0.56	8.572e+00
	2.512e+05	3.981e+05	-0.56	-0.52	9.976e+00
	2.512e+05	3.981e+05	-0.52	-0.48	1.088e+01
	2.512e+05	3.981e+05	-0.48	-0.44	1.364e+01
	2.512e+05	3.981e+05	-0.44	-0.40	1.418e+01
	2.512e+05	3.981e+05	-0.40	-0.36	1.762e+01
	2.512e+05	3.981e+05	-0.36	-0.32	2.180e+01
	2.512e+05	3.981e+05	-0.32	-0.28	2.936e+01
	2.512e+05	3.981e+05	-0.28	-0.24	3.620e+01
	2.512e+05	3.981e+05	-0.24	-0.20	5.014e+01
	2.512e+05	3.981e+05	-0.20	-0.16	7.232e+01
	2.512e+05	3.981e+05	-0.16	-0.12	1.102e+02
	2.512e+05	3.981e+05	-0.12	-0.08	1.453e+02
	2.512e+05	3.981e+05	-0.08	-0.04	1.933e+02
	2.512e+05	3.981e+05	-0.04	0.00	2.121e+02
	2.512e+05	3.981e+05	0.00	0.04	2.323e+02
	2.512e+05	3.981e+05	0.04	0.08	2.348e+02
	2.512e+05	3.981e+05	0.08	0.12	2.216e+02
	2.512e+05	3.981e+05	0.12	0.16	2.136e+02
	2.512e+05	3.981e+05	0.16	0.20	1.789e+02
	2.512e+05	3.981e+05	0.20	0.24	1.859e+02
	2.512e+05	3.981e+05	0.24	0.28	1.774e+02
	2.512e+05	3.981e+05	0.28	0.32	1.650e+02
	2.512e+05	3.981e+05	0.32	0.36	1.630e+02
	2.512e+05	3.981e+05	0.36	0.40	1.504e+02
	2.512e+05	3.981e+05	0.40	0.44	1.335e+02
	2.512e+05	3.981e+05	0.44	0.48	1.241e+02
	2.512e+05	3.981e+05	0.48	0.52	1.217e+02
	2.512e+05	3.981e+05	0.52	0.56	1.072e+02
	2.512e+05	3.981e+05	0.56	0.60	1.092e+02
	2.512e+05	3.981e+05	0.60	0.64	9.278e+01
	2.512e+05	3.981e+05	0.64	0.68	8.558e+01
	2.512e+05	3.981e+05	0.68	0.72	8.314e+01
	2.512e+05	3.981e+05	0.72	0.76	7.446e+01
	2.512e+05	3.981e+05	0.76	0.80	6.866e+01
	2.512e+05	3.981e+05	0.80	0.84	6.060e+01
	2.512e+05	3.981e+05	0.84	0.88	4.387e+01
	2.512e+05	3.981e+05	0.88	0.92	3.224e+01
	2.512e+05	3.981e+05	0.92	0.96	2.403e+01
	2.512e+05	3.981e+05	0.96	1.00	1.655e+01
	3.981e+05	6.310e+05	-1.00	-0.96	2.211e+01
	3.981e+05	6.310e+05	-0.96	-0.92	1.742e+01
	3.981e+05	6.310e+05	-0.92	-0.88	1.349e+01
	3.981e+05	6.310e+05	-0.88	-0.84	1.250e+01
	3.981e+05	6.310e+05	-0.84	-0.80	1.387e+01
	3.981e+05	6.310e+05	-0.80	-0.76	1.350e+01
	3.981e+05	6.310e+05	-0.76	-0.72	1.452e+01
	3.981e+05	6.310e+05	-0.72	-0.68	1.463e+01
	3.981e+05	6.310e+05	-0.68	-0.64	1.715e+01
	3.981e+05	6.310e+05	-0.64	-0.60	1.674e+01
	3.981e+05	6.310e+05	-0.60	-0.56	2.035e+01
	3.981e+05	6.310e+05	-0.56	-0.52	2.232e+01
	3.981e+05	6.310e+05	-0.52	-0.48	2.694e+01
	3.981e+05	6.310e+05	-0.48	-0.44	2.983e+01
	3.981e+05	6.310e+05	-0.44	-0.40	3.622e+01
	3.981e+05	6.310e+05	-0.40	-0.36	4.178e+01
	3.981e+05	6.310e+05	-0.36	-0.32	4.618e+01
	3.981e+05	6.310e+05	-0.32	-0.28	5.748e+01
	3.981e+05	6.310e+05	-0.28	-0.24	7.248e+01
	3.981e+05	6.310e+05	-0.24	-0.20	9.257e+01
	3.981e+05	6.310e+05	-0.20	-0.16	1.227e+02
	3.981e+05	6.310e+05	-0.16	-0.12	1.603e+02
	3.981e+05	6.310e+05	-0.12	-0.08	2.248e+02
	3.981e+05	6.310e+05	-0.08	-0.04	2.863e+02
	3.981e+05	6.310e+05	-0.04	0.00	3.034e+02
	3.981e+05	6.310e+05	0.00	0.04	3.190e+02
	3.981e+05	6.310e+05	0.04	0.08	3.253e+02
	3.981e+05	6.310e+05	0.08	0.12	3.052e+02
	3.981e+05	6.310e+05	0.12	0.16	2.861e+02
	3.981e+05	6.310e+05	0.16	0.20	2.624e+02
	3.981e+05	6.310e+05	0.20	0.24	2.382e+02
	3.981e+05	6.310e+05	0.24	0.28	2.397e+02
	3.981e+05	6.310e+05	0.28	0.32	2.109e+02
	3.981e+05	6.310e+05	0.32	0.36	2.032e+02
	3.981e+05	6.310e+05	0.36	0.40	1.687e+02
	3.981e+05	6.310e+05	0.40	0.44	1.723e+02
	3.981e+05	6.310e+05	0.44	0.48	1.576e+02
	3.981e+05	6.310e+05	0.48	0.52	1.463e+02
	3.981e+05	6.310e+05	0.52	0.56	1.385e+02
	3.981e+05	6.310e+05	0.56	0.60	1.134e+02
	3.981e+05	6.310e+05	0.60	0.64	1.146e+02
	3.981e+05	6.310e+05	0.64	0.68	9.760e+01
	3.981e+05	6.310e+05	0.68	0.72	8.150e+01
	3.981e+05	6.310e+05	0.72	0.76	7.960e+01
	3.981e+05	6.310e+05	0.76	0.80	6.989e+01
	3.981e+05	6.310e+05	0.80	0.84	6.294e+01
	3.981e+05	6.310e+05	0.84	0.88	4.018e+01
	3.981e+05	6.310e+05	0.88	0.92	2.345e+01
	3.981e+05	6.310e+05	0.92	0.96	1.969e+01
	3.981e+05	6.310e+05	0.96	1.00	1.529e+01
	6.310e+05	1.000e+06	-1.00	-0.96	3.612e+01
	6.310e+05	1.000e+06	-0.96	-0.92	3.333e+01
	6.310e+05	1.000e+06	-0.92	-0.88	3.026e+01
	6.310e+05	1.000e+06	-0.88	-0.84	2.888e+01
	6.310e+05	1.000e+06	-0.84	-0.80	2.907e+01
	6.310e+05	1.000e+06	-0.80	-0.76	3.036e+01
	6.310e+05	1.000e+06	-0.76	-0.72	3.091e+01
	6.310e+05	1.000e+06	-0.72	-0.68	3.397e+01
	6.310e+05	1.000e+06	-0.68	-0.64	3.665e+01
	6.310e+05	1.000e+06	-0.64	-0.60	4.046e+01
	6.310e+05	1.000e+06	-0.60	-0.56	4.405e+01
	6.310e+05	1.000e+06	-0.56	-0.52	4.976e+01
	6.310e+05	1.000e+06	-0.52	-0.48	5.702e+01
	6.310e+05	1.000e+06	-0.48	-0.44	6.237e+01
	6.310e+05	1.000e+06	-0.44	-0.40	7.222e+01
	6.310e+05	1.000e+06	-0.40	-0.36	8.064e+01
	6.310e+05	1.000e+06	-0.36	-0.32	9.291e+01
	6.310e+05	1.000e+06	-0.32	-0.28	1.072e+02
	6.310e+05	1.000e+06	-0.28	-0.24	1.275e+02
	6.310e+05	1.000e+06	-0.24	-0.20	1.541e+02
	6.310e+05	1.000e+06	-0.20	-0.16	1.896e+02
	6.310e+05	1.000e+06	-0.16	-0.12	2.435e+02
	6.310e+05	1.000e+06	-0.12	-0.08	3.336e+02
	6.310e+05	1.000e+06	-0.08	-0.04	4.080e+02
	6.310e+05	1.000e+06	-0.04	0.00	4.328e+02
	6.310e+05	1.000e+06	0.00	0.04	4.556e+02
	6.310e+05	1.000e+06	0.04	0.08	4.298e+02
	6.310e+05	1.000e+06	0.08	0.12	3.946e+02
	6.310e+05	1.000e+06	0.12	0.16	3.715e+02
	6.310e+05	1.000e+06	0.16	0.20	3.269e+02
	6.310e+05	1.000e+06	0.20	0.24	3.139e+02
	6.310e+05	1.000e+06	0.24	0.28	2.880e+02
	6.310e+05	1.000e+06	0.28	0.32	2.697e+02
	6.310e+05	1.000e+06	0.32	0.36	2.513e+02
	6.310e+05	1.000e+06	0.36	0.40	2.263e+02
	6.310e+05	1.000e+06	0.40	0.44	2.031e+02
	6.310e+05	1.000e+06	0.44	0.48	1.868e+02
	6.310e+05	1.000e+06	0.48	0.52	1.550e+02
	6.310e+05	1.000e+06	0.52	0.56	1.345e+02
	6.310e+05	1.000e+06	0.56	0.60	1.254e+02
	6.310e+05	1.000e+06	0.60	0.64	1.147e+02
	6.310e+05	1.000e+06	0.64	0.68	9.897e+01
	6.310e+05	1.000e+06	0.68	0.72	8.632e+01
	6.310e+05	1.000e+06	0.72	0.76	8.624e+01
	6.310e+05	1.000e+06	0.76	0.80	6.720e+01
	6.310e+05	1.000e+06	0.80	0.84	5.119e+01
	6.310e+05	1.000e+06	0.84	0.88	3.357e+01
	6.310e+05	1.000e+06	0.88	0.92	2.128e+01
	6.310e+05	1.000e+06	0.92	0.96	1.414e+01
	6.310e+05	1.000e+06	0.96	1.00	8.123e+00
	1.000e+06	1.585e+06	-1.00	-0.96	5.544e+01
	1.000e+06	1.585e+06	-0.96	-0.92	5.215e+01
	1.000e+06	1.585e+06	-0.92	-0.88	4.969e+01
	1.000e+06	1.585e+06	-0.88	-0.84	5.361e+01
	1.000e+06	1.585e+06	-0.84	-0.80	5.282e+01
	1.000e+06	1.585e+06	-0.80	-0.76	6.030e+01
	1.000e+06	1.585e+06	-0.76	-0.72	6.059e+01
	1.000e+06	1.585e+06	-0.72	-0.68	6.345e+01
	1.000e+06	1.585e+06	-0.68	-0.64	6.730e+01
	1.000e+06	1.585e+06	-0.64	-0.60	7.468e+01
	1.000e+06	1.585e+06	-0.60	-0.56	8.178e+01
	1.000e+06	1.585e+06	-0.56	-0.52	8.933e+01
	1.000e+06	1.585e+06	-0.52	-0.48	9.692e+01
	1.000e+06	1.585e+06	-0.48	-0.44	1.026e+02
	1.000e+06	1.585e+06	-0.44	-0.40	1.183e+02
	1.000e+06	1.585e+06	-0.40	-0.36	1.290e+02
	1.000e+06	1.585e+06	-0.36	-0.32	1.499e+02
	1.000e+06	1.585e+06	-0.32	-0.28	1.698e+02
	1.000e+06	1.585e+06	-0.28	-0.24	1.950e+02
	1.000e+06	1.585e+06	-0.24	-0.20	2.372e+02
	1.000e+06	1.585e+06	-0.20	-0.16	2.719e+02
	1.000e+06	1.585e+06	-0.16	-0.12	3.352e+02
	1.000e+06	1.585e+06	-0.12	-0.08	4.346e+02
	1.000e+06	1.585e+06	-0.08	-0.04	5.325e+02
	1.000e+06	1.585e+06	-0.04	0.00	5.717e+02
	1.000e+06	1.585e+06	0.00	0.04	6.073e+02
	1.000e+06	1.585e+06	0.04	0.08	6.037e+02
	1.000e+06	1.585e+06	0.08	0.12	5.251e+02
	1.000e+06	1.585e+06	0.12	0.16	4.528e+02
	1.000e+06	1.585e+06	0.16	0.20	3.990e+02
	1.000e+06	1.585e+06	0.20	0.24	3.738e+02
	1.000e+06	1.585e+06	0.24	0.28	3.451e+02
	1.000e+06	1.585e+06	0.28	0.32	3.302e+02
	1.000e+06	1.585e+06	0.32	0.36	2.863e+02
	1.000e+06	1.585e+06	0.36	0.40	2.448e+02
	1.000e+06	1.585e+06	0.40	0.44	2.142e+02
	1.000e+06	1.585e+06	0.44	0.48	1.689e+02
	1.000e+06	1.585e+06	0.48	0.52	1.759e+02
	1.000e+06	1.585e+06	0.52	0.56	1.458e+02
	1.000e+06	1.585e+06	0.56	0.60	1.226e+02
	1.000e+06	1.585e+06	0.60	0.64	1.014e+02
	1.000e+06	1.585e+06	0.64	0.68	1.016e+02
	1.000e+06	1.585e+06	0.68	0.72	8.310e+01
	1.000e+06	1.585e+06	0.72	0.76	6.968e+01
	1.000e+06	1.585e+06	0.76	0.80	5.370e+01
	1.000e+06	1.585e+06	0.80	0.84	4.782e+01
	1.000e+06	1.585e+06	0.84	0.88	3.156e+01
	1.000e+06	1.585e+06	0.88	0.92	1.610e+01
	1.000e+06	1.585e+06	0.92	0.96	9.625e+00
	1.000e+06	1.585e+06	0.96	1.00	4.751e+00
	1.585e+06	2.512e+06	-1.00	-0.96	8.049e+01
	1.585e+06	2.512e+06	-0.96	-0.92	7.932e+01
	1.585e+06	2.512e+06	-0.92	-0.88	8.144e+01
	1.585e+06	2.512e+06	-0.88	-0.84	8.211e+01
	1.585e+06	2.512e+06	-0.84	-0.80	9.021e+01
	1.585e+06	2.512e+06	-0.80	-0.76	9.078e+01
	1.585e+06	2.512e+06	-0.76	-0.72	1.024e+02
	1.585e+06	2.512e+06	-0.72	-0.68	1.037e+02
	1.585e+06	2.512e+06	-0.68	-0.64	1.073e+02
	1.585e+06	2.512e+06	-0.64	-0.60	1.240e+02
	1.585e+06	2.512e+06	-0.60	-0.56	1.262e+02
	1.585e+06	2.512e+06	-0.56	-0.52	1.424e+02
	1.585e+06	2.512e+06	-0.52	-0.48	1.522e+02
	1.585e+06	2.512e+06	-0.48	-0.44	1.624e+02
	1.585e+06	2.512e+06	-0.44	-0.40	1.792e+02
	1.585e+06	2.512e+06	-0.40	-0.36	2.109e+02
	1.585e+06	2.512e+06	-0.36	-0.32	2.162e+02
	1.585e+06	2.512e+06	-0.32	-0.28	2.508e+02
	1.585e+06	2.512e+06	-0.28	-0.24	2.941e+02
	1.585e+06	2.512e+06	-0.24	-0.20	3.357e+02
	1.585e+06	2.512e+06	-0.20	-0.16	3.994e+02
	1.585e+06	2.512e+06	-0.16	-0.12	4.697e+02
	1.585e+06	2.512e+06	-0.12	-0.08	6.452e+02
	1.585e+06	2.512e+06	-0.08	-0.04	7.516e+02
	1.585e+06	2.512e+06	-0.04	0.00	7.932e+02
	1.585e+06	2.512e+06	0.00	0.04	8.262e+02
	1.585e+06	2.512e+06	0.04	0.08	7.580e+02
	1.585e+06	2.512e+06	0.08	0.12	6.731e+02
	1.585e+06	2.512e+06	0.12	0.16	6.205e+02
	1.585e+06	2.512e+06	0.16	0.20	5.346e+02
	1.585e+06	2.512e+06	0.20	0.24	4.693e+02
	1.585e+06	2.512e+06	0.24	0.28	4.248e+02
	1.585e+06	2.512e+06	0.28	0.32	3.671e+02
	1.585e+06	2.512e+06	0.32	0.36	3.221e+02
	1.585e+06	2.512e+06	0.36	0.40	2.737e+02
	1.585e+06	2.512e+06	0.40	0.44	2.395e+02
	1.585e+06	2.512e+06	0.44	0.48	2.050e+02
	1.585e+06	2.512e+06	0.48	0.52	1.767e+02
	1.585e+06	2.512e+06	0.52	0.56	1.440e+02
	1.585e+06	2.512e+06	0.56	0.60	1.136e+02
	1.585e+06	2.512e+06	0.60	0.64	9.309e+01
	1.585e+06	2.512e+06	0.64	0.68	8.110e+01
	1.585e+06	2.512e+06	0.68	0.72	6.404e+01
	1.585e+06	2.512e+06	0.72	0.76	5.821e+01
	1.585e+06	2.512e+06	0.76	0.80	5.424e+01
	1.585e+06	2.512e+06	0.80	0.84	4.589e+01
	1.585e+06	2.512e+06	0.84	0.88	1.791e+01
	1.585e+06	2.512e+06	0.88	0.92	1.044e+01
	1.585e+06	2.512e+06	0.92	0.96	5.201e+00
	1.585e+06	2.512e+06	0.96	1.00	3.576e+00
	2.512e+06	3.981e+06	-1.00	-0.96	1.084e+02
	2.512e+06	3.981e+06	-0.96	-0.92	1.096e+02
	2.512e+06	3.981e+06	-0.92	-0.88	1.110e+02
	2.512e+06	3.981e+06	-0.88	-0.84	1.161e+02
	2.512e+06	3.981e+06	-0.84	-0.80	1.266e+02
	2.512e+06	3.981e+06	-0.80	-0.76	1.364e+02
	2.512e+06	3.981e+06	-0.76	-0.72	1.334e+02
	2.512e+06	3.981e+06	-0.72	-0.68	1.453e+02
	2.512e+06	3.981e+06	-0.68	-0.64	1.586e+02
	2.512e+06	3.981e+06	-0.64	-0.60	1.660e+02
	2.512e+06	3.981e+06	-0.60	-0.56	1.859e+02
	2.512e+06	3.981e+06	-0.56	-0.52	2.013e+02
	2.512e+06	3.981e+06	-0.52	-0.48	2.119e+02
	2.512e+06	3.981e+06	-0.48	-0.44	2.265e+02
	2.512e+06	3.981e+06	-0.44	-0.40	2.533e+02
	2.512e+06	3.981e+06	-0.40	-0.36	2.789e+02
	2.512e+06	3.981e+06	-0.36	-0.32	3.086e+02
	2.512e+06	3.981e+06	-0.32	-0.28	3.457e+02
	2.512e+06	3.981e+06	-0.28	-0.24	3.966e+02
	2.512e+06	3.981e+06	-0.24	-0.20	4.492e+02
	2.512e+06	3.981e+06	-0.20	-0.16	5.360e+02
	2.512e+06	3.981e+06	-0.16	-0.12	6.583e+02
	2.512e+06	3.981e+06	-0.12	-0.08	8.363e+02
	2.512e+06	3.981e+06	-0.08	-0.04	1.011e+03
	2.512e+06	3.981e+06	-0.04	0.00	1.075e+03
	2.512e+06	3.981e+06	0.00	0.04	1.147e+03
	2.512e+06	3.981e+06	0.04	0.08	1.052e+03
	2.512e+06	3.981e+06	0.08	0.12	8.503e+02
	2.512e+06	3.981e+06	0.12	0.16	7.154e+02
	2.512e+06	3.981e+06	0.16	0.20	6.140e+02
	2.512e+06	3.981e+06	0.20	0.24	5.581e+02
	2.512e+06	3.981e+06	0.24	0.28	4.925e+02
	2.512e+06	3.981e+06	0.28	0.32	3.776e+02
	2.512e+06	3.981e+06	0.32	0.36	3.482e+02
	2.512e+06	3.981e+06	0.36	0.40	2.875e+02
	2.512e+06	3.981e+06	0.40	0.44	2.540e+02
	2.512e+06	3.981e+06	0.44	0.48	2.257e+02
	2.512e+06	3.981e+06	0.48	0.52	1.486e+02
	2.512e+06	3.981e+06	0.52	0.56	1.146e+02
	2.512e+06	3.981e+06	0.56	0.60	1.026e+02
	2.512e+06	3.981e+06	0.60	0.64	8.317e+01
	2.512e+06	3.981e+06	0.64	0.68	6.504e+01
	2.512e+06	3.981e+06	0.68	0.72	6.874e+01
	2.512e+06	3.981e+06	0.72	0.76	4.323e+01
	2.512e+06	3.981e+06	0.76	0.80	4.076e+01
	2.512e+06	3.981e+06	0.80	0.84	2.427e+01
	2.512e+06	3.981e+06	0.84	0.88	1.143e+01
	2.512e+06	3.981e+06	0.88	0.92	2.231e+00
	2.512e+06	3.981e+06	0.92	0.96	3.111e+00
	2.512e+06	3.981e+06	0.96	1.00	4.471e-01
	3.981e+06	6.310e+06	-1.00	-0.96	1.393e+02
	3.981e+06	6.310e+06	-0.96	-0.92	1.410e+02
	3.981e+06	6.310e+06	-0.92	-0.88	1.472e+02
	3.981e+06	6.310e+06	-0.88	-0.84	1.540e+02
	3.981e+06	6.310e+06	-0.84	-0.80	1.570e+02
	3.981e+06	6.310e+06	-0.80	-0.76	1.705e+02
	3.981e+06	6.310e+06	-0.76	-0.72	1.828e+02
	3.981e+06	6.310e+06	-0.72	-0.68	1.963e+02
	3.981e+06	6.310e+06	-0.68	-0.64	2.094e+02
	3.981e+06	6.310e+06	-0.64	-0.60	2.161e+02
	3.981e+06	6.310e+06	-0.60	-0.56	2.434e+02
	3.981e+06	6.310e+06	-0.56	-0.52	2.659e+02
	3.981e+06	6.310e+06	-0.52	-0.48	2.959e+02
	3.981e+06	6.310e+06	-0.48	-0.44	3.108e+02
	3.981e+06	6.310e+06	-0.44	-0.40	3.500e+02
	3.981e+06	6.310e+06	-0.40	-0.36	3.597e+02
	3.981e+06	6.310e+06	-0.36	-0.32	4.037e+02
	3.981e+06	6.310e+06	-0.32	-0.28	4.625e+02
	3.981e+06	6.310e+06	-0.28	-0.24	5.349e+02
	3.981e+06	6.310e+06	-0.24	-0.20	6.134e+02
	3.981e+06	6.310e+06	-0.20	-0.16	7.133e+02
	3.981e+06	6.310e+06	-0.16	-0.12	8.691e+02
	3.981e+06	6.310e+06	-0.12	-0.08	1.104e+03
	3.981e+06	6.310e+06	-0.08	-0.04	1.321e+03
	3.981e+06	6.310e+06	-0.04	0.00	1.448e+03
	3.981e+06	6.310e+06	0.00	0.04	1.474e+03
	3.981e+06	6.310e+06	0.04	0.08	1.281e+03
	3.981e+06	6.310e+06	0.08	0.12	1.037e+03
	3.981e+06	6.310e+06	0.12	0.16	8.633e+02
	3.981e+06	6.310e+06	0.16	0.20	6.818e+02
	3.981e+06	6.310e+06	0.20	0.24	6.061e+02
	3.981e+06	6.310e+06	0.24	0.28	5.347e+02
	3.981e+06	6.310e+06	0.28	0.32	4.145e+02
	3.981e+06	6.310e+06	0.32	0.36	3.643e+02
	3.981e+06	6.310e+06	0.36	0.40	2.691e+02
	3.981e+06	6.310e+06	0.40	0.44	2.406e+02
	3.981e+06	6.310e+06	0.44	0.48	1.746e+02
	3.981e+06	6.310e+06	0.48	0.52	1.460e+02
	3.981e+06	6.310e+06	0.52	0.56	1.080e+02
	3.981e+06	6.310e+06	0.56	0.60	9.313e+01
	3.981e+06	6.310e+06	0.60	0.64	8.427e+01
	3.981e+06	6.310e+06	0.64	0.68	4.109e+01
	3.981e+06	6.310e+06	0.68	0.72	3.900e+01
	3.981e+06	6.310e+06	0.72	0.76	2.651e+01
	3.981e+06	6.310e+06	0.76	0.80	2.099e+01
	3.981e+06	6.310e+06	0.80	0.84	1.573e+01
	3.981e+06	6.310e+06	0.84	0.88	3.736e+00
	3.981e+06	6.310e+06	0.88	0.92	2.294e+00
	3.981e+06	6.310e+06	0.92	0.96	1.014e+00
	3.981e+06	6.310e+06	0.96	1.00	3.107e-01
	6.310e+06	1.000e+07	-1.00	-0.96	1.670e+02
	6.310e+06	1.000e+07	-0.96	-0.92	1.805e+02
	6.310e+06	1.000e+07	-0.92	-0.88	1.824e+02
	6.310e+06	1.000e+07	-0.88	-0.84	1.969e+02
	6.310e+06	1.000e+07	-0.84	-0.80	2.138e+02
	6.310e+06	1.000e+07	-0.80	-0.76	2.213e+02
	6.310e+06	1.000e+07	-0.76	-0.72	2.415e+02
	6.310e+06	1.000e+07	-0.72	-0.68	2.535e+02
	6.310e+06	1.000e+07	-0.68	-0.64	2.658e+02
	6.310e+06	1.000e+07	-0.64	-0.60	2.859e+02
	6.310e+06	1.000e+07	-0.60	-0.56	3.175e+02
	6.310e+06	1.000e+07	-0.56	-0.52	3.291e+02
	6.310e+06	1.000e+07	-0.52	-0.48	3.722e+02
	6.310e+06	1.000e+07	-0.48	-0.44	4.016e+02
	6.310e+06	1.000e+07	-0.44	-0.40	4.374e+02
	6.310e+06	1.000e+07	-0.40	-0.36	4.655e+02
	6.310e+06	1.000e+07	-0.36	-0.32	5.353e+02
	6.310e+06	1.000e+07	-0.32	-0.28	5.957e+02
	6.310e+06	1.000e+07	-0.28	-0.24	6.606e+02
	6.310e+06	1.000e+07	-0.24	-0.20	7.612e+02
	6.310e+06	1.000e+07	-0.20	-0.16	9.286e+02
	6.310e+06	1.000e+07	-0.16	-0.12	1.114e+03
	6.310e+06	1.000e+07	-0.12	-0.08	1.402e+03
	6.310e+06	1.000e+07	-0.08	-0.04	1.664e+03
	6.310e+06	1.000e+07	-0.04	0.00	1.816e+03
	6.310e+06	1.000e+07	0.00	0.04	1.845e+03
	6.310e+06	1.000e+07	0.04	0.08	1.521e+03
	6.310e+06	1.000e+07	0.08	0.12	1.262e+03
	6.310e+06	1.000e+07	0.12	0.16	1.039e+03
	6.310e+06	1.000e+07	0.16	0.20	7.671e+02
	6.310e+06	1.000e+07	0.20	0.24	6.742e+02
	6.310e+06	1.000e+07	0.24	0.28	5.610e+02
	6.310e+06	1.000e+07	0.28	0.32	4.341e+02
	6.310e+06	1.000e+07	0.32	0.36	3.679e+02
	6.310e+06	1.000e+07	0.36	0.40	2.873e+02
	6.310e+06	1.000e+07	0.40	0.44	2.227e+02
	6.310e+06	1.000e+07	0.44	0.48	1.470e+02
	6.310e+06	1.000e+07	0.48	0.52	1.171e+02
	6.310e+06	1.000e+07	0.52	0.56	9.460e+01
	6.310e+06	1.000e+07	0.56	0.60	5.558e+01
	6.310e+06	1.000e+07	0.60	0.64	4.281e+01
	6.310e+06	1.000e+07	0.64	0.68	2.989e+01
	6.310e+06	1.000e+07	0.68	0.72	2.439e+01
	6.310e+06	1.000e+07	0.72	0.76	1.199e+01
	6.310e+06	1.000e+07	0.76	0.80	1.368e+01
	6.310e+06	1.000e+07	0.80	0.84	1.067e+01
	6.310e+06	1.000e+07	0.84	0.88	2.870e+00
	6.310e+06	1.000e+07	0.88	0.92	2.687e+00
	6.310e+06	1.000e+07	0.92	0.96	2.616e+00
	6.310e+06	1.000e+07	0.96	1.00	1.235e+00
	1.000e+07	1.585e+07	-1.00	-0.96	2.185e+02
	1.000e+07	1.585e+07	-0.96	-0.92	2.294e+02
	1.000e+07	1.585e+07	-0.92	-0.88	2.409e+02
	1.000e+07	1.585e+07	-0.88	-0.84	2.537e+02
	1.000e+07	1.585e+07	-0.84	-0.80	2.677e+02
	1.000e+07	1.585e+07	-0.80	-0.76	2.800e+02
	1.000e+07	1.585e+07	-0.76	-0.72	2.978e+02
	1.000e+07	1.585e+07	-0.72	-0.68	3.183e+02
	1.000e+07	1.585e+07	-0.68	-0.64	3.414e+02
	1.000e+07	1.585e+07	-0.64	-0.60	3.647e+02
	1.000e+07	1.585e+07	-0.60	-0.56	3.941e+02
	1.000e+07	1.585e+07	-0.56	-0.52	4.202e+02
	1.000e+07	1.585e+07	-0.52	-0.48	4.689e+02
	1.000e+07	1.585e+07	-0.48	-0.44	4.988e+02
	1.000e+07	1.585e+07	-0.44	-0.40	5.550e+02
	1.000e+07	1.585e+07	-0.40	-0.36	5.958e+02
	1.000e+07	1.585e+07	-0.36	-0.32	6.743e+02
	1.000e+07	1.585e+07	-0.32	-0.28	7.691e+02
	1.000e+07	1.585e+07	-0.28	-0.24	8.586e+02
	1.000e+07	1.585e+07	-0.24	-0.20	9.800e+02
	1.000e+07	1.585e+07	-0.20	-0.16	1.186e+03
	1.000e+07	1.585e+07	-0.16	-0.12	1.428e+03
	1.000e+07	1.585e+07	-0.12	-0.08	1.850e+03
	1.000e+07	1.585e+07	-0.08	-0.04	2.364e+03
	1.000e+07	1.585e+07	-0.04	0.00	2.409e+03
	1.000e+07	1.585e+07	0.00	0.04	2.475e+03
	1.000e+07	1.585e+07	0.04	0.08	1.943e+03
	1.000e+07	1.585e+07	0.08	0.12	1.455e+03
	1.000e+07	1.585e+07	0.12	0.16	1.148e+03
	1.000e+07	1.585e+07	0.16	0.20	8.980e+02
	1.000e+07	1.585e+07	0.20	0.24	6.378e+02
	1.000e+07	1.585e+07	0.24	0.28	5.099e+02
	1.000e+07	1.585e+07	0.28	0.32	4.607e+02
	1.000e+07	1.585e+07	0.32	0.36	2.742e+02
	1.000e+07	1.585e+07	0.36	0.40	2.080e+02
	1.000e+07	1.585e+07	0.40	0.44	1.801e+02
	1.000e+07	1.585e+07	0.44	0.48	1.207e+02
	1.000e+07	1.585e+07	0.48	0.52	7.929e+01
	1.000e+07	1.585e+07	0.52	0.56	4.562e+01
	1.000e+07	1.585e+07	0.56	0.60	5.190e+01
	1.000e+07	1.585e+07	0.60	0.64	2.485e+01
	1.000e+07	1.585e+07	0.64	0.68	2.745e+01
	1.000e+07	1.585e+07	0.68	0.72	1.963e+01
	1.000e+07	1.585e+07	0.72	0.76	9.716e+00
	1.000e+07	1.585e+07	0.76	0.80	5.046e+00
	1.000e+07	1.585e+07	0.80	0.84	4.593e+00
	1.000e+07	1.585e+07	0.84	0.88	9.263e-01
	1.000e+07	1.585e+07	0.88	0.92	1.133e+00
	1.000e+07	1.585e+07	0.92	0.96	1.322e+00
	1.000e+07	1.585e+07	0.96	1.00	1.176e-01
	1.585e+07	2.512e+07	-1.00	-0.96	2.706e+02
	1.585e+07	2.512e+07	-0.96	-0.92	2.778e+02
	1.585e+07	2.512e+07	-0.92	-0.88	2.967e+02
	1.585e+07	2.512e+07	-0.88	-0.84	3.071e+02
	1.585e+07	2.512e+07	-0.84	-0.80	3.354e+02
	1.585e+07	2.512e+07	-0.80	-0.76	3.354e+02
	1.585e+07	2.512e+07	-0.76	-0.72	3.723e+02
	1.585e+07	2.512e+07	-0.72	-0.68	4.037e+02
	1.585e+07	2.512e+07	-0.68	-0.64	4.180e+02
	1.585e+07	2.512e+07	-0.64	-0.60	4.676e+02
	1.585e+07	2.512e+07	-0.60	-0.56	4.927e+02
	1.585e+07	2.512e+07	-0.56	-0.52	5.251e+02
	1.585e+07	2.512e+07	-0.52	-0.48	5.760e+02
	1.585e+07	2.512e+07	-0.48	-0.44	6.558e+02
	1.585e+07	2.512e+07	-0.44	-0.40	6.799e+02
	1.585e+07	2.512e+07	-0.40	-0.36	7.428e+02
	1.585e+07	2.512e+07	-0.36	-0.32	8.411e+02
	1.585e+07	2.512e+07	-0.32	-0.28	9.444e+02
	1.585e+07	2.512e+07	-0.28	-0.24	1.129e+03
	1.585e+07	2.512e+07	-0.24	-0.20	1.248e+03
	1.585e+07	2.512e+07	-0.20	-0.16	1.538e+03
	1.585e+07	2.512e+07	-0.16	-0.12	1.843e+03
	1.585e+07	2.512e+07	-0.12	-0.08	2.358e+03
	1.585e+07	2.512e+07	-0.08	-0.04	2.913e+03
	1.585e+07	2.512e+07	-0.04	0.00	3.000e+03
	1.585e+07	2.512e+07	0.00	0.04	3.091e+03
	1.585e+07	2.512e+07	0.04	0.08	2.493e+03
	1.585e+07	2.512e+07	0.08	0.12	1.683e+03
	1.585e+07	2.512e+07	0.12	0.16	1.200e+03
	1.585e+07	2.512e+07	0.16	0.20	8.124e+02
	1.585e+07	2.512e+07	0.20	0.24	6.394e+02
	1.585e+07	2.512e+07	0.24	0.28	5.318e+02
	1.585e+07	2.512e+07	0.28	0.32	3.742e+02
	1.585e+07	2.512e+07	0.32	0.36	2.790e+02
	1.585e+07	2.512e+07	0.36	0.40	1.925e+02
	1.585e+07	2.512e+07	0.40	0.44	1.346e+02
	1.585e+07	2.512e+07	0.44	0.48	7.398e+01
	1.585e+07	2.512e+07	0.48	0.52	5.181e+01
	1.585e+07	2.512e+07	0.52	0.56	4.310e+01
	1.585e+07	2.512e+07	0.56	0.60	2.292e+01
	1.585e+07	2.512e+07	0.60	0.64	1.082e+01
	1.585e+07	2.512e+07	0.64	0.68	1.280e+01
	1.585e+07	2.512e+07	0.68	0.72	5.111e+00
	1.585e+07	2.512e+07	0.72	0.76	5.278e+00
	1.585e+07	2.512e+07	0.76	0.80	5.423e+00
	1.585e+07	2.512e+07	0.80	0.84	1.920e+00
	1.585e+07	2.512e+07	0.84	0.88	9.336e-01
	1.585e+07	2.512e+07	0.88	0.92	7.159e-02
	1.585e+07	2.512e+07	0.92	0.96	7.748e-03
	1.585e+07	2.512e+07	0.96	1.00	0.000e+00
	2.512e+07	3.981e+07	-1.00	-0.96	3.236e+02
	2.512e+07	3.981e+07	-0.96	-0.92	3.358e+02
	2.512e+07	3.981e+07	-0.92	-0.88	3.659e+02
	2.512e+07	3.981e+07	-0.88	-0.84	3.748e+02
	2.512e+07	3.981e+07	-0.84	-0.80	4.087e+02
	2.512e+07	3.981e+07	-0.80	-0.76	4.202e+02
	2.512e+07	3.981e+07	-0.76	-0.72	4.574e+02
	2.512e+07	3.981e+07	-0.72	-0.68	4.943e+02
	2.512e+07	3.981e+07	-0.68	-0.64	5.302e+02
	2.512e+07	3.981e+07	-0.64	-0.60	5.606e+02
	2.512e+07	3.981e+07	-0.60	-0.56	5.947e+02
	2.512e+07	3.981e+07	-0.56	-0.52	6.379e+02
	2.512e+07	3.981e+07	-0.52	-0.48	7.335e+02
	2.512e+07	3.981e+07	-0.48	-0.44	7.616e+02
	2.512e+07	3.981e+07	-0.44	-0.40	8.382e+02
	2.512e+07	3.981e+07	-0.40	-0.36	9.661e+02
	2.512e+07	3.981e+07	-0.36	-0.32	1.032e+03
	2.512e+07	3.981e+07	-0.32	-0.28	1.197e+03
	2.512e+07	3.981e+07	-0.28	-0.24	1.350e+03
	2.512e+07	3.981e+07	-0.24	-0.20	1.556e+03
	2.512e+07	3.981e+07	-0.20	-0.16	1.878e+03
	2.512e+07	3.981e+07	-0.16	-0.12	2.261e+03
	2.512e+07	3.981e+07	-0.12	-0.08	2.989e+03
	2.512e+07	3.981e+07	-0.08	-0.04	3.510e+03
	2.512e+07	3.981e+07	-0.04	0.00	3.779e+03
	2.512e+07	3.981e+07	0.00	0.04	3.737e+03
	2.512e+07	3.981e+07	0.04	0.08	2.725e+03
	2.512e+07	3.981e+07	0.08	0.12	1.828e+03
	2.512e+07	3.981e+07	0.12	0.16	1.328e+03
	2.512e+07	3.981e+07	0.16	0.20	9.195e+02
	2.512e+07	3.981e+07	0.20	0.24	6.850e+02
	2.512e+07	3.981e+07	0.24	0.28	4.396e+02
	2.512e+07	3.981e+07	0.28	0.32	3.062e+02
	2.512e+07	3.981e+07	0.32	0.36	2.008e+02
	2.512e+07	3.981e+07	0.36	0.40	1.387e+02
	2.512e+07	3.981e+07	0.40	0.44	6.672e+01
	2.512e+07	3.981e+07	0.44	0.48	6.211e+01
	2.512e+07	3.981e+07	0.48	0.52	2.364e+01
	2.512e+07	3.981e+07	0.52	0.56	1.918e+01
	2.512e+07	3.981e+07	0.56	0.60	2.153e+01
	2.512e+07	3.981e+07	0.60	0.64	5.235e+00
	2.512e+07	3.981e+07	0.64	0.68	9.270e+00
	2.512e+07	3.981e+07	0.68	0.72	5.071e+00
	2.512e+07	3.981e+07	0.72	0.76	3.457e+00
	2.512e+07	3.981e+07	0.76	0.80	2.328e+00
	2.512e+07	3.981e+07	0.80	0.84	4.618e-01
	2.512e+07	3.981e+07	0.84	0.88	1.007e+00
	2.512e+07	3.981e+07	0.88	0.92	0.000e+00
	2.512e+07	3.981e+07	0.92	0.96	5.849e-01
	2.512e+07	3.981e+07	0.96	1.00	4.359e-01
	3.981e+07	6.310e+07	-1.00	-0.96	3.915e+02
	3.981e+07	6.310e+07	-0.96	-0.92	4.308e+02
	3.981e+07	6.310e+07	-0.92	-0.88	4.327e+02
	3.981e+07	6.310e+07	-0.88	-0.84	4.590e+02
	3.981e+07	6.310e+07	-0.84	-0.80	4.861e+02
	3.981e+07	6.310e+07	-0.80	-0.76	5.160e+02
	3.981e+07	6.310e+07	-0.76	-0.72	5.404e+02
	3.981e+07	6.310e+07	-0.72	-0.68	5.782e+02
	3.981e+07	6.310e+07	-0.68	-0.64	6.183e+02
	3.981e+07	6.310e+07	-0.64	-0.60	6.743e+02
	3.981e+07	6.310e+07	-0.60	-0.56	7.081e+02
	3.981e+07	6.310e+07	-0.56	-0.52	8.010e+02
	3.981e+07	6.310e+07	-0.52	-0.48	8.275e+02
	3.981e+07	6.310e+07	-0.48	-0.44	9.414e+02
	3.981e+07	6.310e+07	-0.44	-0.40	1.039e+03
	3.981e+07	6.310e+07	-0.40	-0.36	1.132e+03
	3.981e+07	6.310e+07	-0.36	-0.32	1.278e+03
	3.981e+07	6.310e+07	-0.32	-0.28	1.435e+03
	3.981e+07	6.310e+07	-0.28	-0.24	1.681e+03
	3.981e+07	6.310e+07	-0.24	-0.20	1.972e+03
	3.981e+07	6.310e+07	-0.20	-0.16	2.404e+03
	3.981e+07	6.310e+07	-0.16	-0.12	2.893e+03
	3.981e+07	6.310e+07	-0.12	-0.08	3.742e+03
	3.981e+07	6.310e+07	-0.08	-0.04	4.729e+03
	3.981e+07	6.310e+07	-0.04	0.00	5.087e+03
	3.981e+07	6.310e+07	0.00	0.04	4.713e+03
	3.981e+07	6.310e+07	0.04	0.08	3.239e+03
	3.981e+07	6.310e+07	0.08	0.12	2.108e+03
	3.981e+07	6.310e+07	0.12	0.16	1.344e+03
	3.981e+07	6.310e+07	0.16	0.20	8.624e+02
	3.981e+07	6.310e+07	0.20	0.24	5.474e+02
	3.981e+07	6.310e+07	0.24	0.28	2.983e+02
	3.981e+07	6.310e+07	0.28	0.32	2.319e+02
	3.981e+07	6.310e+07	0.32	0.36	1.487e+02
	3.981e+07	6.310e+07	0.36	0.40	1.050e+02
	3.981e+07	6.310e+07	0.40	0.44	6.491e+01
	3.981e+07	6.310e+07	0.44	0.48	4.604e+01
	3.981e+07	6.310e+07	0.48	0.52	9.502e+00
	3.981e+07	6.310e+07	0.52	0.56	2.401e+01
	3.981e+07	6.310e+07	0.56	0.60	9.181e+00
	3.981e+07	6.310e+07	0.60	0.64	4.898e+00
	3.981e+07	6.310e+07	0.64	0.68	5.845e+00
	3.981e+07	6.310e+07	0.68	0.72	1.380e+00
	3.981e+07	6.310e+07	0.72	0.76	2.914e+00
	3.981e+07	6.310e+07	0.76	0.80	0.000e+00
	3.981e+07	6.310e+07	0.80	0.84	8.751e-01
	3.981e+07	6.310e+07	0.84	0.88	0.000e+00
	3.981e+07	6.310e+07	0.88	0.92	0.000e+00
	3.981e+07	6.310e+07	0.92	0.96	1.526e-01
	3.981e+07	6.310e+07	0.96	1.00	3.882e-01
	6.310e+07	1.000e+08	-1.00	-0.96	4.978e+02
	6.310e+07	1.000e+08	-0.96	-0.92	4.944e+02
	6.310e+07	1.000e+08	-0.92	-0.88	5.046e+02
	6.310e+07	1.000e+08	-0.88	-0.84	5.590e+02
	6.310e+07	1.000e+08	-0.84	-0.80	5.845e+02
	6.310e+07	1.000e+08	-0.80	-0.76	6.032e+02
	6.310e+07	1.000e+08	-0.76	-0.72	6.180e+02
	6.310e+07	1.000e+08	-0.72	-0.68	7.014e+02
	6.310e+07	1.000e+08	-0.68	-0.64	7.489e+02
	6.310e+07	1.000e+08	-0.64	-0.60	7.922e+02
	6.310e+07	1.000e+08	-0.60	-0.56	8.660e+02
	6.310e+07	1.000e+08	-0.56	-0.52	9.605e+02
	6.310e+07	1.000e+08	-0.52	-0.48	1.015e+03
	6.310e+07	1.000e+08	-0.48	-0.44	1.126e+03
	6.310e+07	1.000e+08	-0.44	-0.40	1.238e+03
	6.310e+07	1.000e+08	-0.40	-0.36	1.374e+03
	6.310e+07	1.000e+08	-0.36	-0.32	1.544e+03
	6.310e+07	1.000e+08	-0.32	-0.28	1.740e+03
	6.310e+07	1.000e+08	-0.28	-0.24	2.064e+03
	6.310e+07	1.000e+08	-0.24	-0.20	2.346e+03
	6.310e+07	1.000e+08	-0.20	-0.16	2.922e+03
	6.310e+07	1.000e+08	-0.16	-0.12	3.555e+03
	6.310e+07	1.000e+08	-0.12	-0.08	4.504e+03
	6.310e+07	1.000e+08	-0.08	-0.04	5.725e+03
	6.310e+07	1.000e+08	-0.04	0.00	6.171e+03
	6.310e+07	1.000e+08	0.00	0.04	5.697e+03
	6.310e+07	1.000e+08	0.04	0.08	3.800e+03
	6.310e+07	1.000e+08	0.08	0.12	2.186e+03
	6.310e+07	1.000e+08	0.12	0.16	1.173e+03
	6.310e+07	1.000e+08	0.16	0.20	7.805e+02
	6.310e+07	1.000e+08	0.20	0.24	4.677e+02
	6.310e+07	1.000e+08	0.24	0.28	3.034e+02
	6.310e+07	1.000e+08	0.28	0.32	2.133e+02
	6.310e+07	1.000e+08	0.32	0.36	8.817e+01
	6.310e+07	1.000e+08	0.36	0.40	6.081e+01
	6.310e+07	1.000e+08	0.40	0.44	1.969e+01
	6.310e+07	1.000e+08	0.44	0.48	2.583e+01
	6.310e+07	1.000e+08	0.48	0.52	6.883e+00
	6.310e+07	1.000e+08	0.52	0.56	9.236e+00
	6.310e+07	1.000e+08	0.56	0.60	4.896e+00
	6.310e+07	1.000e+08	0.60	0.64	7.378e+00
	6.310e+07	1.000e+08	0.64	0.68	2.151e+00
	6.310e+07	1.000e+08	0.68	0.72	1.960e+00
	6.310e+07	1.000e+08	0.72	0.76	1.319e-01
	6.310e+07	1.000e+08	0.76	0.80	6.501e-01
	6.310e+07	1.000e+08	0.80	0.84	1.502e-01
	6.310e+07	1.000e+08	0.84	0.88	4.968e-01
	6.310e+07	1.000e+08	0.88	0.92	1.018e-01
	6.310e+07	1.000e+08	0.92	0.96	0.000e+00
	6.310e+07	1.000e+08	0.96	1.00	0.000e+00
	1.000e+08	1.585e+08	-1.00	-0.96	5.710e+02
	1.000e+08	1.585e+08	-0.96	-0.92	5.755e+02
	1.000e+08	1.585e+08	-0.92	-0.88	6.069e+02
	1.000e+08	1.585e+08	-0.88	-0.84	6.426e+02
	1.000e+08	1.585e+08	-0.84	-0.80	6.816e+02
	1.000e+08	1.585e+08	-0.80	-0.76	6.903e+02
	1.000e+08	1.585e+08	-0.76	-0.72	7.632e+02
	1.000e+08	1.585e+08	-0.72	-0.68	8.215e+02
	1.000e+08	1.585e+08	-0.68	-0.64	8.852e+02
	1.000e+08	1.585e+08	-0.64	-0.60	9.498e+02
	1.000e+08	1.585e+08	-0.60	-0.56	1.049e+03
	1.000e+08	1.585e+08	-0.56	-0.52	1.149e+03
	1.000e+08	1.585e+08	-0.52	-0.48	1.259e+03
	1.000e+08	1.585e+08	-0.48	-0.44	1.403e+03
	1.000e+08	1.585e+08	-0.44	-0.40	1.479e+03
	1.000e+08	1.585e+08	-0.40	-0.36	1.660e+03
	1.000e+08	1.585e+08	-0.36	-0.32	1.801e+03
	1.000e+08	1.585e+08	-0.32	-0.28	2.167e+03
	1.000e+08	1.585e+08	-0.28	-0.24	2.432e+03
	1.000e+08	1.585e+08	-0.24	-0.20	2.879e+03
	1.000e+08	1.585e+08	-0.20	-0.16	3.497e+03
	1.000e+08	1.585e+08	-0.16	-0.12	4.344e+03
	1.000e+08	1.585e+08	-0.12	-0.08	5.616e+03
	1.000e+08	1.585e+08	-0.08	-0.04	7.074e+03
	1.000e+08	1.585e+08	-0.04	0.00	7.286e+03
	1.000e+08	1.585e+08	0.00	0.04	7.091e+03
	1.000e+08	1.585e+08	0.04	0.08	4.167e+03
	1.000e+08	1.585e+08	0.08	0.12	2.145e+03
	1.000e+08	1.585e+08	0.12	0.16	1.159e+03
	1.000e+08	1.585e+08	0.16	0.20	6.610e+02
	1.000e+08	1.585e+08	0.20	0.24	3.434e+02
	1.000e+08	1.585e+08	0.24	0.28	2.379e+02
	1.000e+08	1.585e+08	0.28	0.32	1.236e+02
	1.000e+08	1.585e+08	0.32	0.36	9.520e+01
	1.000e+08	1.585e+08	0.36	0.40	3.584e+01
	1.000e+08	1.585e+08	0.40	0.44	1.040e+01
	1.000e+08	1.585e+08	0.44	0.48	1.253e+01
	1.000e+08	1.585e+08	0.48	0.52	5.122e+00
	1.000e+08	1.585e+08	0.52	0.56	4.587e+00
	1.000e+08	1.585e+08	0.56	0.60	0.000e+00
	1.000e+08	1.585e+08	0.60	0.64	2.497e+00
	1.000e+08	1.585e+08	0.64	0.68	2.299e+00
	1.000e+08	1.585e+08	0.68	0.72	1.219e-01
	1.000e+08	1.585e+08	0.72	0.76	0.000e+00
	1.000e+08	1.585e+08	0.76	0.80	0.000e+00
	1.000e+08	1.585e+08	0.80	0.84	9.341e-01
	1.000e+08	1.585e+08	0.84	0.88	5.500e-01
	1.000e+08	1.585e+08	0.88	0.92	0.000e+00
	1.000e+08	1.585e+08	0.92	0.96	0.000e+00
	1.000e+08	1.585e+08	0.96	1.00	0.000e+00
	1.585e+08	2.512e+08	-1.00	-0.96	6.575e+02
	1.585e+08	2.512e+08	-0.96	-0.92	6.892e+02
	1.585e+08	2.512e+08	-0.92	-0.88	7.304e+02
	1.585e+08	2.512e+08	-0.88	-0.84	7.387e+02
	1.585e+08	2.512e+08	-0.84	-0.80	8.107e+02
	1.585e+08	2.512e+08	-0.80	-0.76	8.329e+02
	1.585e+08	2.512e+08	-0.76	-0.72	9.055e+02
	1.585e+08	2.512e+08	-0.72	-0.68	9.737e+02
	1.585e+08	2.512e+08	-0.68	-0.64	9.804e+02
	1.585e+08	2.512e+08	-0.64	-0.60	1.122e+03
	1.585e+08	2.512e+08	-0.60	-0.56	1.237e+03
	1.585e+08	2.512e+08	-0.56	-0.52	1.329e+03
	1.585e+08	2.512e+08	-0.52	-0.48	1.463e+03
	1.585e+08	2.512e+08	-0.48	-0.44	1.586e+03
	1.585e+08	2.512e+08	-0.44	-0.40	1.733e+03
	1.585e+08	2.512e+08	-0.40	-0.36	2.001e+03
	1.585e+08	2.512e+08	-0.36	-0.32	2.216e+03
	1.585e+08	2.512e+08	-0.32	-0.28	2.547e+03
	1.585e+08	2.512e+08	-0.28	-0.24	2.846e+03
	1.585e+08	2.512e+08	-0.24	-0.20	3.478e+03
	1.585e+08	2.512e+08	-0.20	-0.16	4.069e+03
	1.585e+08	2.512e+08	-0.16	-0.12	5.304e+03
	1.585e+08	2.512e+08	-0.12	-0.08	6.824e+03
	1.585e+08	2.512e+08	-0.08	-0.04	9.067e+03
	1.585e+08	2.512e+08	-0.04	0.00	9.688e+03
	1.585e+08	2.512e+08	0.00	0.04	8.653e+03
	1.585e+08	2.512e+08	0.04	0.08	5.065e+03
	1.585e+08	2.512e+08	0.08	0.12	2.314e+03
	1.585e+08	2.512e+08	0.12	0.16	9.195e+02
	1.585e+08	2.512e+08	0.16	0.20	6.017e+02
	1.585e+08	2.512e+08	0.20	0.24	2.545e+02
	1.585e+08	2.512e+08	0.24	0.28	1.326e+02
	1.585e+08	2.512e+08	0.28	0.32	5.707e+01
	1.585e+08	2.512e+08	0.32	0.36	5.489e+01
	1.585e+08	2.512e+08	0.36	0.40	3.007e+01
	1.585e+08	2.512e+08	0.40	0.44	1.168e+01
	1.585e+08	2.512e+08	0.44	0.48	4.616e+00
	1.585e+08	2.512e+08	0.48	0.52	4.405e+00
	1.585e+08	2.512e+08	0.52	0.56	2.182e-01
	1.585e+08	2.512e+08	0.56	0.60	1.284e+00
	1.585e+08	2.512e+08	0.60	0.64	1.107e+00
	1.585e+08	2.512e+08	0.64	0.68	1.412e+00
	1.585e+08	2.512e+08	0.68	0.72	0.000e+00
	1.585e+08	2.512e+08	0.72	0.76	0.000e+00
	1.585e+08	2.512e+08	0.76	0.80	0.000e+00
	1.585e+08	2.512e+08	0.80	0.84	0.000e+00
	1.585e+08	2.512e+08	0.84	0.88	0.000e+00
	1.585e+08	2.512e+08	0.88	0.92	0.000e+00
	1.585e+08	2.512e+08	0.92	0.96	1.027e-01
	1.585e+08	2.512e+08	0.96	1.00	0.000e+00
	2.512e+08	3.981e+08	-1.00	-0.96	8.343e+02
	2.512e+08	3.981e+08	-0.96	-0.92	7.897e+02
	2.512e+08	3.981e+08	-0.92	-0.88	8.457e+02
	2.512e+08	3.981e+08	-0.88	-0.84	8.961e+02
	2.512e+08	3.981e+08	-0.84	-0.80	9.390e+02
	2.512e+08	3.981e+08	-0.80	-0.76	9.669e+02
	2.512e+08	3.981e+08	-0.76	-0.72	1.049e+03
	2.512e+08	3.981e+08	-0.72	-0.68	1.139e+03
	2.512e+08	3.981e+08	-0.68	-0.64	1.169e+03
	2.512e+08	3.981e+08	-0.64	-0.60	1.290e+03
	2.512e+08	3.981e+08	-0.60	-0.56	1.424e+03
	2.512e+08	3.981e+08	-0.56	-0.52	1.507e+03
	2.512e+08	3.981e+08	-0.52	-0.48	1.679e+03
	2.512e+08	3.981e+08	-0.48	-0.44	1.876e+03
	2.512e+08	3.981e+08	-0.44	-0.40	2.053e+03
	2.512e+08	3.981e+08	-0.40	-0.36	2.323e+03
	2.512e+08	3.981e+08	-0.36	-0.32	2.646e+03
	2.512e+08	3.981e+08	-0.32	-0.28	2.988e+03
	2.512e+08	3.981e+08	-0.28	-0.24	3.461e+03
	2.512e+08	3.981e+08	-0.24	-0.20	4.108e+03
	2.512e+08	3.981e+08	-0.20	-0.16	5.203e+03
	2.512e+08	3.981e+08	-0.16	-0.12	6.352e+03
	2.512e+08	3.981e+08	-0.12	-0.08	8.220e+03
	2.512e+08	3.981e+08	-0.08	-0.04	1.091e+04
	2.512e+08	3.981e+08	-0.04	0.00	1.196e+04
	2.512e+08	3.981e+08	0.00	0.04	9.993e+03
	2.512e+08	3.981e+08	0.04	0.08	4.871e+03
	2.512e+08	3.981e+08	0.08	0.12	2.035e+03
	2.512e+08	3.981e+08	0.12	0.16	6.796e+02
	2.512e+08	3.981e+08	0.16	0.20	3.455e+02
	2.512e+08	3.981e+08	0.20	0.24	1.679e+02
	2.512e+08	3.981e+08	0.24	0.28	6.864e+01
	2.512e+08	3.981e+08	0.28	0.32	4.461e+01
	2.512e+08	3.981e+08	0.32	0.36	3.297e+01
	2.512e+08	3.981e+08	0.36	0.40	1.337e+01
	2.512e+08	3.981e+08	0.40	0.44	6.880e+00
	2.512e+08	3.981e+08	0.44	0.48	2.662e+00
	2.512e+08	3.981e+08	0.48	0.52	1.099e-01
	2.512e+08	3.981e+08	0.52	0.56	0.000e+00
	2.512e+08	3.981e+08	0.56	0.60	1.535e+00
	2.512e+08	3.981e+08	0.60	0.64	3.944e-01
	2.512e+08	3.981e+08	0.64	0.68	0.000e+00
	2.512e+08	3.981e+08	0.68	0.72	1.012e+00
	2.512e+08	3.981e+08	0.72	0.76	0.000e+00
	2.512e+08	3.981e+08	0.76	0.80	0.000e+00
	2.512e+08	3.981e+08	0.80	0.84	0.000e+00
	2.512e+08	3.981e+08	0.84	0.88	6.942e-01
	2.512e+08	3.981e+08	0.88	0.92	0.000e+00
	2.512e+08	3.981e+08	0.92	0.96	0.000e+00
	2.512e+08	3.981e+08	0.96	1.00	0.000e+00
	3.981e+08	6.310e+08	-1.00	-0.96	9.007e+02
	3.981e+08	6.310e+08	-0.96	-0.92	1.005e+03
	3.981e+08	6.310e+08	-0.92	-0.88	9.623e+02
	3.981e+08	6.310e+08	-0.88	-0.84	1.003e+03
	3.981e+08	6.310e+08	-0.84	-0.80	1.054e+03
	3.981e+08	6.310e+08	-0.80	-0.76	1.132e+03
	3.981e+08	6.310e+08	-0.76	-0.72	1.214e+03
	3.981e+08	6.310e+08	-0.72	-0.68	1.314e+03
	3.981e+08	6.310e+08	-0.68	-0.64	1.364e+03
	3.981e+08	6.310e+08	-0.64	-0.60	1.524e+03
	3.981e+08	6.310e+08	-0.60	-0.56	1.689e+03
	3.981e+08	6.310e+08	-0.56	-0.52	1.867e+03
	3.981e+08	6.310e+08	-0.52	-0.48	1.950e+03
	3.981e+08	6.310e+08	-0.48	-0.44	2.215e+03
	3.981e+08	6.310e+08	-0.44	-0.40	2.510e+03
	3.981e+08	6.310e+08	-0.40	-0.36	2.781e+03
	3.981e+08	6.310e+08	-0.36	-0.32	3.078e+03
	3.981e+08	6.310e+08	-0.32	-0.28	3.487e+03
	3.981e+08	6.310e+08	-0.28	-0.24	4.065e+03
	3.981e+08	6.310e+08	-0.24	-0.20	4.877e+03
	3.981e+08	6.310e+08	-0.20	-0.16	5.929e+03
	3.981e+08	6.310e+08	-0.16	-0.12	7.568e+03
	3.981e+08	6.310e+08	-0.12	-0.08	9.829e+03
	3.981e+08	6.310e+08	-0.08	-0.04	1.346e+04
	3.981e+08	6.310e+08	-0.04	0.00	1.465e+04
	3.981e+08	6.310e+08	0.00	0.04	1.184e+04
	3.981e+08	6.310e+08	0.04	0.08	5.164e+03
	3.981e+08	6.310e+08	0.08	0.12	1.899e+03
	3.981e+08	6.310e+08	0.12	0.16	5.889e+02
	3.981e+08	6.310e+08	0.16	0.20	1.550e+02
	3.981e+08	6.310e+08	0.20	0.24	8.080e+01
	3.981e+08	6.310e+08	0.24	0.28	6.364e+01
	3.981e+08	6.310e+08	0.28	0.32	1.020e+01
	3.981e+08	6.310e+08	0.32	0.36	1.320e+00
	3.981e+08	6.310e+08	0.36	0.40	5.178e+00
	3.981e+08	6.310e+08	0.40	0.44	3.711e+00
	3.981e+08	6.310e+08	0.44	0.48	4.674e+00
	3.981e+08	6.310e+08	0.48	0.52	9.371e-01
	3.981e+08	6.310e+08	0.52	0.56	5.237e+00
	3.981e+08	6.310e+08	0.56	0.60	1.488e-01
	3.981e+08	6.310e+08	0.60	0.64	2.716e-01
	3.981e+08	6.310e+08	0.64	0.68	2.922e-01
	3.981e+08	6.310e+08	0.68	0.72	8.257e-01
	3.981e+08	6.310e+08	0.72	0.76	5.482e-02
	3.981e+08	6.310e+08	0.76	0.80	8.423e-03
	3.981e+08	6.310e+08	0.80	0.84	0.000e+00
	3.981e+08	6.310e+08	0.84	0.88	0.000e+00
	3.981e+08	6.310e+08	0.88	0.92	0.000e+00
	3.981e+08	6.310e+08	0.92	0.96	5.012e-03
	3.981e+08	6.310e+08	0.96	1.00	0.000e+00
	6.310e+08	1.000e+09	-1.00	-0.96	1.091e+03
	6.310e+08	1.000e+09	-0.96	-0.92	1.065e+03
	6.310e+08	1.000e+09	-0.92	-0.88	1.108e+03
	6.310e+08	1.000e+09	-0.88	-0.84	1.145e+03
	6.310e+08	1.000e+09	-0.84	-0.80	1.210e+03
	6.310e+08	1.000e+09	-0.80	-0.76	1.258e+03
	6.310e+08	1.000e+09	-0.76	-0.72	1.339e+03
	6.310e+08	1.000e+09	-0.72	-0.68	1.461e+03
	6.310e+08	1.000e+09	-0.68	-0.64	1.609e+03
	6.310e+08	1.000e+09	-0.64	-0.60	1.796e+03
	6.310e+08	1.000e+09	-0.60	-0.56	1.939e+03
	6.310e+08	1.000e+09	-0.56	-0.52	2.111e+03
	6.310e+08	1.000e+09	-0.52	-0.48	2.229e+03
	6.310e+08	1.000e+09	-0.48	-0.44	2.500e+03
	6.310e+08	1.000e+09	-0.44	-0.40	2.772e+03
	6.310e+08	1.000e+09	-0.40	-0.36	3.077e+03
	6.310e+08	1.000e+09	-0.36	-0.32	3.646e+03
	6.310e+08	1.000e+09	-0.32	-0.28	4.139e+03
	6.310e+08	1.000e+09	-0.28	-0.24	4.777e+03
	6.310e+08	1.000e+09	-0.24	-0.20	5.734e+03
	6.310e+08	1.000e+09	-0.20	-0.16	7.206e+03
	6.310e+08	1.000e+09	-0.16	-0.12	9.013e+03
	6.310e+08	1.000e+09	-0.12	-0.08	1.238e+04
	6.310e+08	1.000e+09	-0.08	-0.04	1.624e+04
	6.310e+08	1.000e+09	-0.04	0.00	1.678e+04
	6.310e+08	1.000e+09	0.00	0.04	1.370e+04
	6.310e+08	1.000e+09	0.04	0.08	5.078e+03
	6.310e+08	1.000e+09	0.08	0.12	1.443e+03
	6.310e+08	1.000e+09	0.12	0.16	4.793e+02
	6.310e+08	1.000e+09	0.16	0.20	2.110e+02
	6.310e+08	1.000e+09	0.20	0.24	3.043e+01
	6.310e+08	1.000e+09	0.24	0.28	3.376e+01
	6.310e+08	1.000e+09	0.28	0.32	1.774e+01
	6.310e+08	1.000e+09	0.32	0.36	8.811e+00
	6.310e+08	1.000e+09	0.36	0.40	6.908e+00
	6.310e+08	1.000e+09	0.40	0.44	1.932e+00
	6.310e+08	1.000e+09	0.44	0.48	0.000e+00
	6.310e+08	1.000e+09	0.48	0.52	0.000e+00
	6.310e+08	1.000e+09	0.52	0.56	1.271e+00
	6.310e+08	1.000e+09	0.56	0.60	3.063e+00
	6.310e+08	1.000e+09	0.60	0.64	2.080e-02
	6.310e+08	1.000e+09	0.64	0.68	0.000e+00
	6.310e+08	1.000e+09	0.68	0.72	0.000e+00
	6.310e+08	1.000e+09	0.72	0.76	0.000e+00
	6.310e+08	1.000e+09	0.76	0.80	0.000e+00
	6.310e+08	1.000e+09	0.80	0.84	0.000e+00
	6.310e+08	1.000e+09	0.84	0.88	0.000e+00
	6.310e+08	1.000e+09	0.88	0.92	0.000e+00
	6.310e+08	1.000e+09	0.92	0.96	0.000e+00
	6.310e+08	1.000e+09	0.96	1.00	0.000e+00
	1.000e+09	1.585e+09	-1.00	-0.96	0.000e+00
	1.000e+09	1.585e+09	-0.96	-0.92	0.000e+00
	1.000e+09	1.585e+09	-0.92	-0.88	0.000e+00
	1.000e+09	1.585e+09	-0.88	-0.84	0.000e+00
	1.000e+09	1.585e+09	-0.84	-0.80	0.000e+00
	1.000e+09	1.585e+09	-0.80	-0.76	0.000e+00
	1.000e+09	1.585e+09	-0.76	-0.72	0.000e+00
	1.000e+09	1.585e+09	-0.72	-0.68	0.000e+00
	1.000e+09	1.585e+09	-0.68	-0.64	0.000e+00
	1.000e+09	1.585e+09	-0.64	-0.60	0.000e+00
	1.000e+09	1.585e+09	-0.60	-0.56	0.000e+00
	1.000e+09	1.585e+09	-0.56	-0.52	0.000e+00
	1.000e+09	1.585e+09	-0.52	-0.48	0.000e+00
	1.000e+09	1.585e+09	-0.48	-0.44	0.000e+00
	1.000e+09	1.585e+09	-0.44	-0.40	0.000e+00
	1.000e+09	1.585e+09	-0.40	-0.36	0.000e+00
	1.000e+09	1.585e+09	-0.36	-0.32	0.000e+00
	1.000e+09	1.585e+09	-0.32	-0.28	0.000e+00
	1.000e+09	1.585e+09	-0.28	-0.24	0.000e+00
	1.000e+09	1.585e+09	-0.24	-0.20	0.000e+00
	1.000e+09	1.585e+09	-0.20	-0.16	0.000e+00
	1.000e+09	1.585e+09	-0.16	-0.12	0.000e+00
	1.000e+09	1.585e+09	-0.12	-0.08	0.000e+00
	1.000e+09	1.585e+09	-0.08	-0.04	0.000e+00
	1.000e+09	1.585e+09	-0.04	0.00	0.000e+00
	1.000e+09	1.585e+09	0.00	0.04	0.000e+00
	1.000e+09	1.585e+09	0.04	0.08	0.000e+00
	1.000e+09	1.585e+09	0.08	0.12	0.000e+00
	1.000e+09	1.585e+09	0.12	0.16	0.000e+00
	1.000e+09	1.585e+09	0.16	0.20	0.000e+00
	1.000e+09	1.585e+09	0.20	0.24	0.000e+00
	1.000e+09	1.585e+09	0.24	0.28	0.000e+00
	1.000e+09	1.585e+09	0.28	0.32	0.000e+00
	1.000e+09	1.585e+09	0.32	0.36	0.000e+00
	1.000e+09	1.585e+09	0.36	0.40	0.000e+00
	1.000e+09	1.585e+09	0.40	0.44	0.000e+00
	1.000e+09	1.585e+09	0.44	0.48	0.000e+00
	1.000e+09	1.585e+09	0.48	0.52	0.000e+00
	1.000e+09	1.585e+09	0.52	0.56	0.000e+00
	1.000e+09	1.585e+09	0.56	0.60	0.000e+00
	1.000e+09	1.585e+09	0.60	0.64	0.000e+00
	1.000e+09	1.585e+09	0.64	0.68	0.000e+00
	1.000e+09	1.585e+09	0.68	0.72	0.000e+00
	1.000e+09	1.585e+09	0.72	0.76	0.000e+00
	1.000e+09	1.585e+09	0.76	0.80	0.000e+00
	1.000e+09	1.585e+09	0.80	0.84	0.000e+00
	1.000e+09	1.585e+09	0.84	0.88	0.000e+00
	1.000e+09	1.585e+09	0.88	0.92	0.000e+00
	1.000e+09	1.585e+09	0.92	0.96	0.000e+00
	1.000e+09	1.585e+09	0.96	1.00	0.000e+00
	1.585e+09	2.512e+09	-1.00	-0.96	0.000e+00
	1.585e+09	2.512e+09	-0.96	-0.92	0.000e+00
	1.585e+09	2.512e+09	-0.92	-0.88	0.000e+00
	1.585e+09	2.512e+09	-0.88	-0.84	0.000e+00
	1.585e+09	2.512e+09	-0.84	-0.80	0.000e+00
	1.585e+09	2.512e+09	-0.80	-0.76	0.000e+00
	1.585e+09	2.512e+09	-0.76	-0.72	0.000e+00
	1.585e+09	2.512e+09	-0.72	-0.68	0.000e+00
	1.585e+09	2.512e+09	-0.68	-0.64	0.000e+00
	1.585e+09	2.512e+09	-0.64	-0.60	0.000e+00
	1.585e+09	2.512e+09	-0.60	-0.56	0.000e+00
	1.585e+09	2.512e+09	-0.56	-0.52	0.000e+00
	1.585e+09	2.512e+09	-0.52	-0.48	0.000e+00
	1.585e+09	2.512e+09	-0.48	-0.44	0.000e+00
	1.585e+09	2.512e+09	-0.44	-0.40	0.000e+00
	1.585e+09	2.512e+09	-0.40	-0.36	0.000e+00
	1.585e+09	2.512e+09	-0.36	-0.32	0.000e+00
	1.585e+09	2.512e+09	-0.32	-0.28	0.000e+00
	1.585e+09	2.512e+09	-0.28	-0.24	0.000e+00
	1.585e+09	2.512e+09	-0.24	-0.20	0.000e+00
	1.585e+09	2.512e+09	-0.20	-0.16	0.000e+00
	1.585e+09	2.512e+09	-0.16	-0.12	0.000e+00
	1.585e+09	2.512e+09	-0.12	-0.08	0.000e+00
	1.585e+09	2.512e+09	-0.08	-0.04	0.000e+00
	1.585e+09	2.512e+09	-0.04	0.00	0.000e+00
	1.585e+09	2.512e+09	0.00	0.04	0.000e+00
	1.585e+09	2.512e+09	0.04	0.08	0.000e+00
	1.585e+09	2.512e+09	0.08	0.12	0.000e+00
	1.585e+09	2.512e+09	0.12	0.16	0.000e+00
	1.585e+09	2.512e+09	0.16	0.20	0.000e+00
	1.585e+09	2.512e+09	0.20	0.24	0.000e+00
	1.585e+09	2.512e+09	0.24	0.28	0.000e+00
	1.585e+09	2.512e+09	0.28	0.32	0.000e+00
	1.585e+09	2.512e+09	0.32	0.36	0.000e+00
	1.585e+09	2.512e+09	0.36	0.40	0.000e+00
	1.585e+09	2.512e+09	0.40	0.44	0.000e+00
	1.585e+09	2.512e+09	0.44	0.48	0.000e+00
	1.585e+09	2.512e+09	0.48	0.52	0.000e+00
	1.585e+09	2.512e+09	0.52	0.56	0.000e+00
	1.585e+09	2.512e+09	0.56	0.60	0.000e+00
	1.585e+09	2.512e+09	0.60	0.64	0.000e+00
	1.585e+09	2.512e+09	0.64	0.68	0.000e+00
	1.585e+09	2.512e+09	0.68	0.72	0.000e+00
	1.585e+09	2.512e+09	0.72	0.76	0.000e+00
	1.585e+09	2.512e+09	0.76	0.80	0.000e+00
	1.585e+09	2.512e+09	0.80	0.84	0.000e+00
	1.585e+09	2.512e+09	0.84	0.88	0.000e+00
	1.585e+09	2.512e+09	0.88	0.92	0.000e+00
	1.585e+09	2.512e+09	0.92	0.96	0.000e+00
	1.585e+09	2.512e+09	0.96	1.00	0.000e+00
	2.512e+09	3.981e+09	-1.00	-0.96	0.000e+00
	2.512e+09	3.981e+09	-0.96	-0.92	0.000e+00
	2.512e+09	3.981e+09	-0.92	-0.88	0.000e+00
	2.512e+09	3.981e+09	-0.88	-0.84	0.000e+00
	2.512e+09	3.981e+09	-0.84	-0.80	0.000e+00
	2.512e+09	3.981e+09	-0.80	-0.76	0.000e+00
	2.512e+09	3.981e+09	-0.76	-0.72	0.000e+00
	2.512e+09	3.981e+09	-0.72	-0.68	0.000e+00
	2.512e+09	3.981e+09	-0.68	-0.64	0.000e+00
	2.512e+09	3.981e+09	-0.64	-0.60	0.000e+00
	2.512e+09	3.981e+09	-0.60	-0.56	0.000e+00
	2.512e+09	3.981e+09	-0.56	-0.52	0.000e+00
	2.512e+09	3.981e+09	-0.52	-0.48	0.000e+00
	2.512e+09	3.981e+09	-0.48	-0.44	0.000e+00
	2.512e+09	3.981e+09	-0.44	-0.40	0.000e+00
	2.512e+09	3.981e+09	-0.40	-0.36	0.000e+00
	2.512e+09	3.981e+09	-0.36	-0.32	0.000e+00
	2.512e+09	3.981e+09	-0.32	-0.28	0.000e+00
	2.512e+09	3.981e+09	-0.28	-0.24	0.000e+00
	2.512e+09	3.981e+09	-0.24	-0.20	0.000e+00
	2.512e+09	3.981e+09	-0.20	-0.16	0.000e+00
	2.512e+09	3.981e+09	-0.16	-0.12	0.000e+00
	2.512e+09	3.981e+09	-0.12	-0.08	0.000e+00
	2.512e+09	3.981e+09	-0.08	-0.04	0.000e+00
	2.512e+09	3.981e+09	-0.04	0.00	0.000e+00
	2.512e+09	3.981e+09	0.00	0.04	0.000e+00
	2.512e+09	3.981e+09	0.04	0.08	0.000e+00
	2.512e+09	3.981e+09	0.08	0.12	0.000e+00
	2.512e+09	3.981e+09	0.12	0.16	0.000e+00
	2.512e+09	3.981e+09	0.16	0.20	0.000e+00
	2.512e+09	3.981e+09	0.20	0.24	0.000e+00
	2.512e+09	3.981e+09	0.24	0.28	0.000e+00
	2.512e+09	3.981e+09	0.28	0.32	0.000e+00
	2.512e+09	3.981e+09	0.32	0.36	0.000e+00
	2.512e+09	3.981e+09	0.36	0.40	0.000e+00
	2.512e+09	3.981e+09	0.40	0.44	0.000e+00
	2.512e+09	3.981e+09	0.44	0.48	0.000e+00
	2.512e+09	3.981e+09	0.48	0.52	0.000e+00
	2.512e+09	3.981e+09	0.52	0.56	0.000e+00
	2.512e+09	3.981e+09	0.56	0.60	0.000e+00
	2.512e+09	3.981e+09	0.60	0.64	0.000e+00
	2.512e+09	3.981e+09	0.64	0.68	0.000e+00
	2.512e+09	3.981e+09	0.68	0.72	0.000e+00
	2.512e+09	3.981e+09	0.72	0.76	0.000e+00
	2.512e+09	3.981e+09	0.76	0.80	0.000e+00
	2.512e+09	3.981e+09	0.80	0.84	0.000e+00
	2.512e+09	3.981e+09	0.84	0.88	0.000e+00
	2.512e+09	3.981e+09	0.88	0.92	0.000e+00
	2.512e+09	3.981e+09	0.92	0.96	0.000e+00
	2.512e+09	3.981e+09	0.96	1.00	0.000e+00
	3.981e+09	6.310e+09	-1.00	-0.96	0.000e+00
	3.981e+09	6.310e+09	-0.96	-0.92	0.000e+00
	3.981e+09	6.310e+09	-0.92	-0.88	0.000e+00
	3.981e+09	6.310e+09	-0.88	-0.84	0.000e+00
	3.981e+09	6.310e+09	-0.84	-0.80	0.000e+00
	3.981e+09	6.310e+09	-0.80	-0.76	0.000e+00
	3.981e+09	6.310e+09	-0.76	-0.72	0.000e+00
	3.981e+09	6.310e+09	-0.72	-0.68	0.000e+00
	3.981e+09	6.310e+09	-0.68	-0.64	0.000e+00
	3.981e+09	6.310e+09	-0.64	-0.60	0.000e+00
	3.981e+09	6.310e+09	-0.60	-0.56	0.000e+00
	3.981e+09	6.310e+09	-0.56	-0.52	0.000e+00
	3.981e+09	6.310e+09	-0.52	-0.48	0.000e+00
	3.981e+09	6.310e+09	-0.48	-0.44	0.000e+00
	3.981e+09	6.310e+09	-0.44	-0.40	0.000e+00
	3.981e+09	6.310e+09	-0.40	-0.36	0.000e+00
	3.981e+09	6.310e+09	-0.36	-0.32	0.000e+00
	3.981e+09	6.310e+09	-0.32	-0.28	0.000e+00
	3.981e+09	6.310e+09	-0.28	-0.24	0.000e+00
	3.981e+09	6.310e+09	-0.24	-0.20	0.000e+00
	3.981e+09	6.310e+09	-0.20	-0.16	0.000e+00
	3.981e+09	6.310e+09	-0.16	-0.12	0.000e+00
	3.981e+09	6.310e+09	-0.12	-0.08	0.000e+00
	3.981e+09	6.310e+09	-0.08	-0.04	0.000e+00
	3.981e+09	6.310e+09	-0.04	0.00	0.000e+00
	3.981e+09	6.310e+09	0.00	0.04	0.000e+00
	3.981e+09	6.310e+09	0.04	0.08	0.000e+00
	3.981e+09	6.310e+09	0.08	0.12	0.000e+00
	3.981e+09	6.310e+09	0.12	0.16	0.000e+00
	3.981e+09	6.310e+09	0.16	0.20	0.000e+00
	3.981e+09	6.310e+09	0.20	0.24	0.000e+00
	3.981e+09	6.310e+09	0.24	0.28	0.000e+00
	3.981e+09	6.310e+09	0.28	0.32	0.000e+00
	3.981e+09	6.310e+09	0.32	0.36	0.000e+00
	3.981e+09	6.310e+09	0.36	0.40	0.000e+00
	3.981e+09	6.310e+09	0.40	0.44	0.000e+00
	3.981e+09	6.310e+09	0.44	0.48	0.000e+00
	3.981e+09	6.310e+09	0.48	0.52	0.000e+00
	3.981e+09	6.310e+09	0.52	0.56	0.000e+00
	3.981e+09	6.310e+09	0.56	0.60	0.000e+00
	3.981e+09	6.310e+09	0.60	0.64	0.000e+00
	3.981e+09	6.310e+09	0.64	0.68	0.000e+00
	3.981e+09	6.310e+09	0.68	0.72	0.000e+00
	3.981e+09	6.310e+09	0.72	0.76	0.000e+00
	3.981e+09	6.310e+09	0.76	0.80	0.000e+00
	3.981e+09	6.310e+09	0.80	0.84	0.000e+00
	3.981e+09	6.310e+09	0.84	0.88	0.000e+00
	3.981e+09	6.310e+09	0.88	0.92	0.000e+00
	3.981e+09	6.310e+09	0.92	0.96	0.000e+00
	3.981e+09	6.310e+09	0.96	1.00	0.000e+00
	6.310e+09	1.000e+10	-1.00	-0.96	0.000e+00
	6.310e+09	1.000e+10	-0.96	-0.92	0.000e+00
	6.310e+09	1.000e+10	-0.92	-0.88	0.000e+00
	6.310e+09	1.000e+10	-0.88	-0.84	0.000e+00
	6.310e+09	1.000e+10	-0.84	-0.80	0.000e+00
	6.310e+09	1.000e+10	-0.80	-0.76	0.000e+00
	6.310e+09	1.000e+10	-0.76	-0.72	0.000e+00
	6.310e+09	1.000e+10	-0.72	-0.68	0.000e+00
	6.310e+09	1.000e+10	-0.68	-0.64	0.000e+00
	6.310e+09	1.000e+10	-0.64	-0.60	0.000e+00
	6.310e+09	1.000e+10	-0.60	-0.56	0.000e+00
	6.310e+09	1.000e+10	-0.56	-0.52	0.000e+00
	6.310e+09	1.000e+10	-0.52	-0.48	0.000e+00
	6.310e+09	1.000e+10	-0.48	-0.44	0.000e+00
	6.310e+09	1.000e+10	-0.44	-0.40	0.000e+00
	6.310e+09	1.000e+10	-0.40	-0.36	0.000e+00
	6.310e+09	1.000e+10	-0.36	-0.32	0.000e+00
	6.310e+09	1.000e+10	-0.32	-0.28	0.000e+00
	6.310e+09	1.000e+10	-0.28	-0.24	0.000e+00
	6.310e+09	1.000e+10	-0.24	-0.20	0.000e+00
	6.310e+09	1.000e+10	-0.20	-0.16	0.000e+00
	6.310e+09	1.000e+10	-0.16	-0.12	0.000e+00
	6.310e+09	1.000e+10	-0.12	-0.08	0.000e+00
	6.310e+09	1.000e+10	-0.08	-0.04	0.000e+00
	6.310e+09	1.000e+10	-0.04	0.00	0.000e+00
	6.310e+09	1.000e+10	0.00	0.04	0.000e+00
	6.310e+09	1.000e+10	0.04	0.08	0.000e+00
	6.310e+09	1.000e+10	0.08	0.12	0.000e+00
	6.310e+09	1.000e+10	0.12	0.16	0.000e+00
	6.310e+09	1.000e+10	0.16	0.20	0.000e+00
	6.310e+09	1.000e+10	0.20	0.24	0.000e+00
	6.310e+09	1.000e+10	0.24	0.28	0.000e+00
	6.310e+09	1.000e+10	0.28	0.32	0.000e+00
	6.310e+09	1.000e+10	0.32	0.36	0.000e+00
	6.310e+09	1.000e+10	0.36	0.40	0.000e+00
	6.310e+09	1.000e+10	0.40	0.44	0.000e+00
	6.310e+09	1.000e+10	0.44	0.48	0.000e+00
	6.310e+09	1.000e+10	0.48	0.52	0.000e+00
	6.310e+09	1.000e+10	0.52	0.56	0.000e+00
	6.310e+09	1.000e+10	0.56	0.60	0.000e+00
	6.310e+09	1.000e+10	0.60	0.64	0.000e+00
	6.310e+09	1.000e+10	0.64	0.68	0.000e+00
	6.310e+09	1.000e+10	0.68	0.72	0.000e+00
	6.310e+09	1.000e+10	0.72	0.76	0.000e+00
	6.310e+09	1.000e+10	0.76	0.80	0.000e+00
	6.310e+09	1.000e+10	0.80	0.84	0.000e+00
	6.310e+09	1.000e+10	0.84	0.88	0.000e+00
	6.310e+09	1.000e+10	0.88	0.92	0.000e+00
	6.310e+09	1.000e+10	0.92	0.96	0.000e+00
	6.310e+09	1.000e+10	0.96	1.00	0.000e+00
