# E_min[GeV]	E_max[GeV]	cos(zenith)_min	cos(zenith)_max	A_Eff[m^2]
	1.000e+02	1.585e+02	-1.00	-0.96	0.000e+00
	1.000e+02	1.585e+02	-0.96	-0.92	0.000e+00
	1.000e+02	1.585e+02	-0.92	-0.88	0.000e+00
	1.000e+02	1.585e+02	-0.88	-0.84	0.000e+00
	1.000e+02	1.585e+02	-0.84	-0.80	0.000e+00
	1.000e+02	1.585e+02	-0.80	-0.76	0.000e+00
	1.000e+02	1.585e+02	-0.76	-0.72	0.000e+00
	1.000e+02	1.585e+02	-0.72	-0.68	0.000e+00
	1.000e+02	1.585e+02	-0.68	-0.64	0.000e+00
	1.000e+02	1.585e+02	-0.64	-0.60	0.000e+00
	1.000e+02	1.585e+02	-0.60	-0.56	0.000e+00
	1.000e+02	1.585e+02	-0.56	-0.52	0.000e+00
	1.000e+02	1.585e+02	-0.52	-0.48	0.000e+00
	1.000e+02	1.585e+02	-0.48	-0.44	0.000e+00
	1.000e+02	1.585e+02	-0.44	-0.40	0.000e+00
	1.000e+02	1.585e+02	-0.40	-0.36	0.000e+00
	1.000e+02	1.585e+02	-0.36	-0.32	0.000e+00
	1.000e+02	1.585e+02	-0.32	-0.28	0.000e+00
	1.000e+02	1.585e+02	-0.28	-0.24	0.000e+00
	1.000e+02	1.585e+02	-0.24	-0.20	0.000e+00
	1.000e+02	1.585e+02	-0.20	-0.16	0.000e+00
	1.000e+02	1.585e+02	-0.16	-0.12	0.000e+00
	1.000e+02	1.585e+02	-0.12	-0.08	3.200e-05
	1.000e+02	1.585e+02	-0.08	-0.04	1.480e-04
	1.000e+02	1.585e+02	-0.04	0.00	2.120e-04
	1.000e+02	1.585e+02	0.00	0.04	2.580e-04
	1.000e+02	1.585e+02	0.04	0.08	4.430e-04
	1.000e+02	1.585e+02	0.08	0.12	4.570e-04
	1.000e+02	1.585e+02	0.12	0.16	4.920e-04
	1.000e+02	1.585e+02	0.16	0.20	6.260e-04
	1.000e+02	1.585e+02	0.20	0.24	6.910e-04
	1.000e+02	1.585e+02	0.24	0.28	5.810e-04
	1.000e+02	1.585e+02	0.28	0.32	1.014e-03
	1.000e+02	1.585e+02	0.32	0.36	6.400e-04
	1.000e+02	1.585e+02	0.36	0.40	7.340e-04
	1.000e+02	1.585e+02	0.40	0.44	7.810e-04
	1.000e+02	1.585e+02	0.44	0.48	8.630e-04
	1.000e+02	1.585e+02	0.48	0.52	1.224e-03
	1.000e+02	1.585e+02	0.52	0.56	1.190e-03
	1.000e+02	1.585e+02	0.56	0.60	9.770e-04
	1.000e+02	1.585e+02	0.60	0.64	1.076e-03
	1.000e+02	1.585e+02	0.64	0.68	9.260e-04
	1.000e+02	1.585e+02	0.68	0.72	1.095e-03
	1.000e+02	1.585e+02	0.72	0.76	1.086e-03
	1.000e+02	1.585e+02	0.76	0.80	9.310e-04
	1.000e+02	1.585e+02	0.80	0.84	9.970e-04
	1.000e+02	1.585e+02	0.84	0.88	1.359e-03
	1.000e+02	1.585e+02	0.88	0.92	1.193e-03
	1.000e+02	1.585e+02	0.92	0.96	8.940e-04
	1.000e+02	1.585e+02	0.96	1.00	5.470e-04
	1.585e+02	2.512e+02	-1.00	-0.96	0.000e+00
	1.585e+02	2.512e+02	-0.96	-0.92	0.000e+00
	1.585e+02	2.512e+02	-0.92	-0.88	0.000e+00
	1.585e+02	2.512e+02	-0.88	-0.84	0.000e+00
	1.585e+02	2.512e+02	-0.84	-0.80	0.000e+00
	1.585e+02	2.512e+02	-0.80	-0.76	0.000e+00
	1.585e+02	2.512e+02	-0.76	-0.72	0.000e+00
	1.585e+02	2.512e+02	-0.72	-0.68	0.000e+00
	1.585e+02	2.512e+02	-0.68	-0.64	0.000e+00
	1.585e+02	2.512e+02	-0.64	-0.60	0.000e+00
	1.585e+02	2.512e+02	-0.60	-0.56	0.000e+00
	1.585e+02	2.512e+02	-0.56	-0.52	0.000e+00
	1.585e+02	2.512e+02	-0.52	-0.48	0.000e+00
	1.585e+02	2.512e+02	-0.48	-0.44	0.000e+00
	1.585e+02	2.512e+02	-0.44	-0.40	0.000e+00
	1.585e+02	2.512e+02	-0.40	-0.36	0.000e+00
	1.585e+02	2.512e+02	-0.36	-0.32	0.000e+00
	1.585e+02	2.512e+02	-0.32	-0.28	0.000e+00
	1.585e+02	2.512e+02	-0.28	-0.24	0.000e+00
	1.585e+02	2.512e+02	-0.24	-0.20	0.000e+00
	1.585e+02	2.512e+02	-0.20	-0.16	0.000e+00
	1.585e+02	2.512e+02	-0.16	-0.12	0.000e+00
	1.585e+02	2.512e+02	-0.12	-0.08	3.570e-04
	1.585e+02	2.512e+02	-0.08	-0.04	1.199e-03
	1.585e+02	2.512e+02	-0.04	0.00	2.124e-03
	1.585e+02	2.512e+02	0.00	0.04	2.786e-03
	1.585e+02	2.512e+02	0.04	0.08	3.441e-03
	1.585e+02	2.512e+02	0.08	0.12	3.516e-03
	1.585e+02	2.512e+02	0.12	0.16	3.870e-03
	1.585e+02	2.512e+02	0.16	0.20	4.239e-03
	1.585e+02	2.512e+02	0.20	0.24	4.120e-03
	1.585e+02	2.512e+02	0.24	0.28	3.951e-03
	1.585e+02	2.512e+02	0.28	0.32	4.646e-03
	1.585e+02	2.512e+02	0.32	0.36	5.686e-03
	1.585e+02	2.512e+02	0.36	0.40	4.437e-03
	1.585e+02	2.512e+02	0.40	0.44	5.064e-03
	1.585e+02	2.512e+02	0.44	0.48	4.430e-03
	1.585e+02	2.512e+02	0.48	0.52	4.578e-03
	1.585e+02	2.512e+02	0.52	0.56	5.313e-03
	1.585e+02	2.512e+02	0.56	0.60	4.780e-03
	1.585e+02	2.512e+02	0.60	0.64	5.728e-03
	1.585e+02	2.512e+02	0.64	0.68	6.220e-03
	1.585e+02	2.512e+02	0.68	0.72	5.908e-03
	1.585e+02	2.512e+02	0.72	0.76	5.892e-03
	1.585e+02	2.512e+02	0.76	0.80	5.015e-03
	1.585e+02	2.512e+02	0.80	0.84	6.060e-03
	1.585e+02	2.512e+02	0.84	0.88	6.628e-03
	1.585e+02	2.512e+02	0.88	0.92	5.223e-03
	1.585e+02	2.512e+02	0.92	0.96	6.163e-03
	1.585e+02	2.512e+02	0.96	1.00	3.717e-03
	2.512e+02	3.981e+02	-1.00	-0.96	0.000e+00
	2.512e+02	3.981e+02	-0.96	-0.92	0.000e+00
	2.512e+02	3.981e+02	-0.92	-0.88	0.000e+00
	2.512e+02	3.981e+02	-0.88	-0.84	0.000e+00
	2.512e+02	3.981e+02	-0.84	-0.80	0.000e+00
	2.512e+02	3.981e+02	-0.80	-0.76	0.000e+00
	2.512e+02	3.981e+02	-0.76	-0.72	0.000e+00
	2.512e+02	3.981e+02	-0.72	-0.68	0.000e+00
	2.512e+02	3.981e+02	-0.68	-0.64	0.000e+00
	2.512e+02	3.981e+02	-0.64	-0.60	0.000e+00
	2.512e+02	3.981e+02	-0.60	-0.56	0.000e+00
	2.512e+02	3.981e+02	-0.56	-0.52	0.000e+00
	2.512e+02	3.981e+02	-0.52	-0.48	0.000e+00
	2.512e+02	3.981e+02	-0.48	-0.44	0.000e+00
	2.512e+02	3.981e+02	-0.44	-0.40	0.000e+00
	2.512e+02	3.981e+02	-0.40	-0.36	0.000e+00
	2.512e+02	3.981e+02	-0.36	-0.32	0.000e+00
	2.512e+02	3.981e+02	-0.32	-0.28	0.000e+00
	2.512e+02	3.981e+02	-0.28	-0.24	0.000e+00
	2.512e+02	3.981e+02	-0.24	-0.20	0.000e+00
	2.512e+02	3.981e+02	-0.20	-0.16	0.000e+00
	2.512e+02	3.981e+02	-0.16	-0.12	0.000e+00
	2.512e+02	3.981e+02	-0.12	-0.08	1.745e-03
	2.512e+02	3.981e+02	-0.08	-0.04	8.141e-03
	2.512e+02	3.981e+02	-0.04	0.00	1.259e-02
	2.512e+02	3.981e+02	0.00	0.04	1.210e-02
	2.512e+02	3.981e+02	0.04	0.08	1.603e-02
	2.512e+02	3.981e+02	0.08	0.12	1.698e-02
	2.512e+02	3.981e+02	0.12	0.16	1.791e-02
	2.512e+02	3.981e+02	0.16	0.20	1.521e-02
	2.512e+02	3.981e+02	0.20	0.24	1.616e-02
	2.512e+02	3.981e+02	0.24	0.28	1.707e-02
	2.512e+02	3.981e+02	0.28	0.32	1.764e-02
	2.512e+02	3.981e+02	0.32	0.36	1.894e-02
	2.512e+02	3.981e+02	0.36	0.40	2.090e-02
	2.512e+02	3.981e+02	0.40	0.44	1.951e-02
	2.512e+02	3.981e+02	0.44	0.48	2.168e-02
	2.512e+02	3.981e+02	0.48	0.52	2.303e-02
	2.512e+02	3.981e+02	0.52	0.56	2.088e-02
	2.512e+02	3.981e+02	0.56	0.60	1.985e-02
	2.512e+02	3.981e+02	0.60	0.64	2.159e-02
	2.512e+02	3.981e+02	0.64	0.68	2.350e-02
	2.512e+02	3.981e+02	0.68	0.72	2.040e-02
	2.512e+02	3.981e+02	0.72	0.76	2.143e-02
	2.512e+02	3.981e+02	0.76	0.80	2.153e-02
	2.512e+02	3.981e+02	0.80	0.84	2.238e-02
	2.512e+02	3.981e+02	0.84	0.88	1.934e-02
	2.512e+02	3.981e+02	0.88	0.92	2.109e-02
	2.512e+02	3.981e+02	0.92	0.96	1.851e-02
	2.512e+02	3.981e+02	0.96	1.00	1.384e-02
	3.981e+02	6.310e+02	-1.00	-0.96	0.000e+00
	3.981e+02	6.310e+02	-0.96	-0.92	0.000e+00
	3.981e+02	6.310e+02	-0.92	-0.88	0.000e+00
	3.981e+02	6.310e+02	-0.88	-0.84	0.000e+00
	3.981e+02	6.310e+02	-0.84	-0.80	0.000e+00
	3.981e+02	6.310e+02	-0.80	-0.76	0.000e+00
	3.981e+02	6.310e+02	-0.76	-0.72	0.000e+00
	3.981e+02	6.310e+02	-0.72	-0.68	0.000e+00
	3.981e+02	6.310e+02	-0.68	-0.64	0.000e+00
	3.981e+02	6.310e+02	-0.64	-0.60	0.000e+00
	3.981e+02	6.310e+02	-0.60	-0.56	0.000e+00
	3.981e+02	6.310e+02	-0.56	-0.52	0.000e+00
	3.981e+02	6.310e+02	-0.52	-0.48	0.000e+00
	3.981e+02	6.310e+02	-0.48	-0.44	0.000e+00
	3.981e+02	6.310e+02	-0.44	-0.40	0.000e+00
	3.981e+02	6.310e+02	-0.40	-0.36	0.000e+00
	3.981e+02	6.310e+02	-0.36	-0.32	0.000e+00
	3.981e+02	6.310e+02	-0.32	-0.28	0.000e+00
	3.981e+02	6.310e+02	-0.28	-0.24	0.000e+00
	3.981e+02	6.310e+02	-0.24	-0.20	0.000e+00
	3.981e+02	6.310e+02	-0.20	-0.16	0.000e+00
	3.981e+02	6.310e+02	-0.16	-0.12	5.050e-04
	3.981e+02	6.310e+02	-0.12	-0.08	9.090e-03
	3.981e+02	6.310e+02	-0.08	-0.04	2.980e-02
	3.981e+02	6.310e+02	-0.04	0.00	3.524e-02
	3.981e+02	6.310e+02	0.00	0.04	4.086e-02
	3.981e+02	6.310e+02	0.04	0.08	4.767e-02
	3.981e+02	6.310e+02	0.08	0.12	4.658e-02
	3.981e+02	6.310e+02	0.12	0.16	4.998e-02
	3.981e+02	6.310e+02	0.16	0.20	5.220e-02
	3.981e+02	6.310e+02	0.20	0.24	4.707e-02
	3.981e+02	6.310e+02	0.24	0.28	5.509e-02
	3.981e+02	6.310e+02	0.28	0.32	5.200e-02
	3.981e+02	6.310e+02	0.32	0.36	5.216e-02
	3.981e+02	6.310e+02	0.36	0.40	5.964e-02
	3.981e+02	6.310e+02	0.40	0.44	5.710e-02
	3.981e+02	6.310e+02	0.44	0.48	5.660e-02
	3.981e+02	6.310e+02	0.48	0.52	5.612e-02
	3.981e+02	6.310e+02	0.52	0.56	5.661e-02
	3.981e+02	6.310e+02	0.56	0.60	6.802e-02
	3.981e+02	6.310e+02	0.60	0.64	5.472e-02
	3.981e+02	6.310e+02	0.64	0.68	6.572e-02
	3.981e+02	6.310e+02	0.68	0.72	5.637e-02
	3.981e+02	6.310e+02	0.72	0.76	6.225e-02
	3.981e+02	6.310e+02	0.76	0.80	6.099e-02
	3.981e+02	6.310e+02	0.80	0.84	5.903e-02
	3.981e+02	6.310e+02	0.84	0.88	6.015e-02
	3.981e+02	6.310e+02	0.88	0.92	5.871e-02
	3.981e+02	6.310e+02	0.92	0.96	5.543e-02
	3.981e+02	6.310e+02	0.96	1.00	4.154e-02
	6.310e+02	1.000e+03	-1.00	-0.96	0.000e+00
	6.310e+02	1.000e+03	-0.96	-0.92	0.000e+00
	6.310e+02	1.000e+03	-0.92	-0.88	0.000e+00
	6.310e+02	1.000e+03	-0.88	-0.84	0.000e+00
	6.310e+02	1.000e+03	-0.84	-0.80	0.000e+00
	6.310e+02	1.000e+03	-0.80	-0.76	0.000e+00
	6.310e+02	1.000e+03	-0.76	-0.72	0.000e+00
	6.310e+02	1.000e+03	-0.72	-0.68	0.000e+00
	6.310e+02	1.000e+03	-0.68	-0.64	0.000e+00
	6.310e+02	1.000e+03	-0.64	-0.60	0.000e+00
	6.310e+02	1.000e+03	-0.60	-0.56	0.000e+00
	6.310e+02	1.000e+03	-0.56	-0.52	0.000e+00
	6.310e+02	1.000e+03	-0.52	-0.48	0.000e+00
	6.310e+02	1.000e+03	-0.48	-0.44	0.000e+00
	6.310e+02	1.000e+03	-0.44	-0.40	0.000e+00
	6.310e+02	1.000e+03	-0.40	-0.36	0.000e+00
	6.310e+02	1.000e+03	-0.36	-0.32	0.000e+00
	6.310e+02	1.000e+03	-0.32	-0.28	0.000e+00
	6.310e+02	1.000e+03	-0.28	-0.24	0.000e+00
	6.310e+02	1.000e+03	-0.24	-0.20	0.000e+00
	6.310e+02	1.000e+03	-0.20	-0.16	0.000e+00
	6.310e+02	1.000e+03	-0.16	-0.12	2.315e-03
	6.310e+02	1.000e+03	-0.12	-0.08	2.238e-02
	6.310e+02	1.000e+03	-0.08	-0.04	7.491e-02
	6.310e+02	1.000e+03	-0.04	0.00	1.050e-01
	6.310e+02	1.000e+03	0.00	0.04	1.201e-01
	6.310e+02	1.000e+03	0.04	0.08	1.163e-01
	6.310e+02	1.000e+03	0.08	0.12	1.270e-01
	6.310e+02	1.000e+03	0.12	0.16	1.262e-01
	6.310e+02	1.000e+03	0.16	0.20	1.300e-01
	6.310e+02	1.000e+03	0.20	0.24	1.420e-01
	6.310e+02	1.000e+03	0.24	0.28	1.459e-01
	6.310e+02	1.000e+03	0.28	0.32	1.464e-01
	6.310e+02	1.000e+03	0.32	0.36	1.428e-01
	6.310e+02	1.000e+03	0.36	0.40	1.443e-01
	6.310e+02	1.000e+03	0.40	0.44	1.378e-01
	6.310e+02	1.000e+03	0.44	0.48	1.414e-01
	6.310e+02	1.000e+03	0.48	0.52	1.261e-01
	6.310e+02	1.000e+03	0.52	0.56	1.495e-01
	6.310e+02	1.000e+03	0.56	0.60	1.434e-01
	6.310e+02	1.000e+03	0.60	0.64	1.510e-01
	6.310e+02	1.000e+03	0.64	0.68	1.517e-01
	6.310e+02	1.000e+03	0.68	0.72	1.603e-01
	6.310e+02	1.000e+03	0.72	0.76	1.586e-01
	6.310e+02	1.000e+03	0.76	0.80	1.591e-01
	6.310e+02	1.000e+03	0.80	0.84	1.535e-01
	6.310e+02	1.000e+03	0.84	0.88	1.531e-01
	6.310e+02	1.000e+03	0.88	0.92	1.484e-01
	6.310e+02	1.000e+03	0.92	0.96	1.408e-01
	6.310e+02	1.000e+03	0.96	1.00	1.146e-01
	1.000e+03	1.585e+03	-1.00	-0.96	0.000e+00
	1.000e+03	1.585e+03	-0.96	-0.92	0.000e+00
	1.000e+03	1.585e+03	-0.92	-0.88	0.000e+00
	1.000e+03	1.585e+03	-0.88	-0.84	0.000e+00
	1.000e+03	1.585e+03	-0.84	-0.80	0.000e+00
	1.000e+03	1.585e+03	-0.80	-0.76	0.000e+00
	1.000e+03	1.585e+03	-0.76	-0.72	0.000e+00
	1.000e+03	1.585e+03	-0.72	-0.68	0.000e+00
	1.000e+03	1.585e+03	-0.68	-0.64	0.000e+00
	1.000e+03	1.585e+03	-0.64	-0.60	0.000e+00
	1.000e+03	1.585e+03	-0.60	-0.56	0.000e+00
	1.000e+03	1.585e+03	-0.56	-0.52	0.000e+00
	1.000e+03	1.585e+03	-0.52	-0.48	0.000e+00
	1.000e+03	1.585e+03	-0.48	-0.44	0.000e+00
	1.000e+03	1.585e+03	-0.44	-0.40	0.000e+00
	1.000e+03	1.585e+03	-0.40	-0.36	0.000e+00
	1.000e+03	1.585e+03	-0.36	-0.32	0.000e+00
	1.000e+03	1.585e+03	-0.32	-0.28	0.000e+00
	1.000e+03	1.585e+03	-0.28	-0.24	0.000e+00
	1.000e+03	1.585e+03	-0.24	-0.20	0.000e+00
	1.000e+03	1.585e+03	-0.20	-0.16	0.000e+00
	1.000e+03	1.585e+03	-0.16	-0.12	1.083e-02
	1.000e+03	1.585e+03	-0.12	-0.08	6.295e-02
	1.000e+03	1.585e+03	-0.08	-0.04	2.167e-01
	1.000e+03	1.585e+03	-0.04	0.00	2.892e-01
	1.000e+03	1.585e+03	0.00	0.04	2.834e-01
	1.000e+03	1.585e+03	0.04	0.08	3.042e-01
	1.000e+03	1.585e+03	0.08	0.12	3.183e-01
	1.000e+03	1.585e+03	0.12	0.16	3.132e-01
	1.000e+03	1.585e+03	0.16	0.20	3.022e-01
	1.000e+03	1.585e+03	0.20	0.24	3.357e-01
	1.000e+03	1.585e+03	0.24	0.28	3.213e-01
	1.000e+03	1.585e+03	0.28	0.32	3.373e-01
	1.000e+03	1.585e+03	0.32	0.36	3.412e-01
	1.000e+03	1.585e+03	0.36	0.40	3.441e-01
	1.000e+03	1.585e+03	0.40	0.44	3.648e-01
	1.000e+03	1.585e+03	0.44	0.48	3.577e-01
	1.000e+03	1.585e+03	0.48	0.52	3.652e-01
	1.000e+03	1.585e+03	0.52	0.56	3.495e-01
	1.000e+03	1.585e+03	0.56	0.60	3.493e-01
	1.000e+03	1.585e+03	0.60	0.64	3.415e-01
	1.000e+03	1.585e+03	0.64	0.68	3.347e-01
	1.000e+03	1.585e+03	0.68	0.72	3.462e-01
	1.000e+03	1.585e+03	0.72	0.76	3.637e-01
	1.000e+03	1.585e+03	0.76	0.80	3.779e-01
	1.000e+03	1.585e+03	0.80	0.84	3.821e-01
	1.000e+03	1.585e+03	0.84	0.88	3.434e-01
	1.000e+03	1.585e+03	0.88	0.92	3.307e-01
	1.000e+03	1.585e+03	0.92	0.96	3.275e-01
	1.000e+03	1.585e+03	0.96	1.00	2.613e-01
	1.585e+03	2.512e+03	-1.00	-0.96	0.000e+00
	1.585e+03	2.512e+03	-0.96	-0.92	0.000e+00
	1.585e+03	2.512e+03	-0.92	-0.88	0.000e+00
	1.585e+03	2.512e+03	-0.88	-0.84	0.000e+00
	1.585e+03	2.512e+03	-0.84	-0.80	0.000e+00
	1.585e+03	2.512e+03	-0.80	-0.76	0.000e+00
	1.585e+03	2.512e+03	-0.76	-0.72	0.000e+00
	1.585e+03	2.512e+03	-0.72	-0.68	0.000e+00
	1.585e+03	2.512e+03	-0.68	-0.64	0.000e+00
	1.585e+03	2.512e+03	-0.64	-0.60	0.000e+00
	1.585e+03	2.512e+03	-0.60	-0.56	0.000e+00
	1.585e+03	2.512e+03	-0.56	-0.52	0.000e+00
	1.585e+03	2.512e+03	-0.52	-0.48	0.000e+00
	1.585e+03	2.512e+03	-0.48	-0.44	0.000e+00
	1.585e+03	2.512e+03	-0.44	-0.40	0.000e+00
	1.585e+03	2.512e+03	-0.40	-0.36	0.000e+00
	1.585e+03	2.512e+03	-0.36	-0.32	0.000e+00
	1.585e+03	2.512e+03	-0.32	-0.28	0.000e+00
	1.585e+03	2.512e+03	-0.28	-0.24	0.000e+00
	1.585e+03	2.512e+03	-0.24	-0.20	0.000e+00
	1.585e+03	2.512e+03	-0.20	-0.16	4.930e-04
	1.585e+03	2.512e+03	-0.16	-0.12	2.861e-02
	1.585e+03	2.512e+03	-0.12	-0.08	1.985e-01
	1.585e+03	2.512e+03	-0.08	-0.04	5.284e-01
	1.585e+03	2.512e+03	-0.04	0.00	6.696e-01
	1.585e+03	2.512e+03	0.00	0.04	6.340e-01
	1.585e+03	2.512e+03	0.04	0.08	6.844e-01
	1.585e+03	2.512e+03	0.08	0.12	7.259e-01
	1.585e+03	2.512e+03	0.12	0.16	7.931e-01
	1.585e+03	2.512e+03	0.16	0.20	7.417e-01
	1.585e+03	2.512e+03	0.20	0.24	7.528e-01
	1.585e+03	2.512e+03	0.24	0.28	7.797e-01
	1.585e+03	2.512e+03	0.28	0.32	8.286e-01
	1.585e+03	2.512e+03	0.32	0.36	7.773e-01
	1.585e+03	2.512e+03	0.36	0.40	8.083e-01
	1.585e+03	2.512e+03	0.40	0.44	7.805e-01
	1.585e+03	2.512e+03	0.44	0.48	7.647e-01
	1.585e+03	2.512e+03	0.48	0.52	7.970e-01
	1.585e+03	2.512e+03	0.52	0.56	7.746e-01
	1.585e+03	2.512e+03	0.56	0.60	8.001e-01
	1.585e+03	2.512e+03	0.60	0.64	7.717e-01
	1.585e+03	2.512e+03	0.64	0.68	7.780e-01
	1.585e+03	2.512e+03	0.68	0.72	7.895e-01
	1.585e+03	2.512e+03	0.72	0.76	7.662e-01
	1.585e+03	2.512e+03	0.76	0.80	8.050e-01
	1.585e+03	2.512e+03	0.80	0.84	7.978e-01
	1.585e+03	2.512e+03	0.84	0.88	8.134e-01
	1.585e+03	2.512e+03	0.88	0.92	7.887e-01
	1.585e+03	2.512e+03	0.92	0.96	6.511e-01
	1.585e+03	2.512e+03	0.96	1.00	5.964e-01
	2.512e+03	3.981e+03	-1.00	-0.96	0.000e+00
	2.512e+03	3.981e+03	-0.96	-0.92	0.000e+00
	2.512e+03	3.981e+03	-0.92	-0.88	0.000e+00
	2.512e+03	3.981e+03	-0.88	-0.84	0.000e+00
	2.512e+03	3.981e+03	-0.84	-0.80	0.000e+00
	2.512e+03	3.981e+03	-0.80	-0.76	0.000e+00
	2.512e+03	3.981e+03	-0.76	-0.72	0.000e+00
	2.512e+03	3.981e+03	-0.72	-0.68	0.000e+00
	2.512e+03	3.981e+03	-0.68	-0.64	0.000e+00
	2.512e+03	3.981e+03	-0.64	-0.60	0.000e+00
	2.512e+03	3.981e+03	-0.60	-0.56	0.000e+00
	2.512e+03	3.981e+03	-0.56	-0.52	0.000e+00
	2.512e+03	3.981e+03	-0.52	-0.48	0.000e+00
	2.512e+03	3.981e+03	-0.48	-0.44	0.000e+00
	2.512e+03	3.981e+03	-0.44	-0.40	0.000e+00
	2.512e+03	3.981e+03	-0.40	-0.36	0.000e+00
	2.512e+03	3.981e+03	-0.36	-0.32	0.000e+00
	2.512e+03	3.981e+03	-0.32	-0.28	0.000e+00
	2.512e+03	3.981e+03	-0.28	-0.24	0.000e+00
	2.512e+03	3.981e+03	-0.24	-0.20	0.000e+00
	2.512e+03	3.981e+03	-0.20	-0.16	1.175e-02
	2.512e+03	3.981e+03	-0.16	-0.12	7.521e-02
	2.512e+03	3.981e+03	-0.12	-0.08	4.442e-01
	2.512e+03	3.981e+03	-0.08	-0.04	1.198e+00
	2.512e+03	3.981e+03	-0.04	0.00	1.446e+00
	2.512e+03	3.981e+03	0.00	0.04	1.381e+00
	2.512e+03	3.981e+03	0.04	0.08	1.580e+00
	2.512e+03	3.981e+03	0.08	0.12	1.492e+00
	2.512e+03	3.981e+03	0.12	0.16	1.675e+00
	2.512e+03	3.981e+03	0.16	0.20	1.633e+00
	2.512e+03	3.981e+03	0.20	0.24	1.558e+00
	2.512e+03	3.981e+03	0.24	0.28	1.666e+00
	2.512e+03	3.981e+03	0.28	0.32	1.679e+00
	2.512e+03	3.981e+03	0.32	0.36	1.724e+00
	2.512e+03	3.981e+03	0.36	0.40	1.584e+00
	2.512e+03	3.981e+03	0.40	0.44	1.609e+00
	2.512e+03	3.981e+03	0.44	0.48	1.735e+00
	2.512e+03	3.981e+03	0.48	0.52	1.462e+00
	2.512e+03	3.981e+03	0.52	0.56	1.575e+00
	2.512e+03	3.981e+03	0.56	0.60	1.595e+00
	2.512e+03	3.981e+03	0.60	0.64	1.617e+00
	2.512e+03	3.981e+03	0.64	0.68	1.577e+00
	2.512e+03	3.981e+03	0.68	0.72	1.671e+00
	2.512e+03	3.981e+03	0.72	0.76	1.567e+00
	2.512e+03	3.981e+03	0.76	0.80	1.617e+00
	2.512e+03	3.981e+03	0.80	0.84	1.639e+00
	2.512e+03	3.981e+03	0.84	0.88	1.562e+00
	2.512e+03	3.981e+03	0.88	0.92	1.466e+00
	2.512e+03	3.981e+03	0.92	0.96	1.384e+00
	2.512e+03	3.981e+03	0.96	1.00	1.181e+00
	3.981e+03	6.310e+03	-1.00	-0.96	0.000e+00
	3.981e+03	6.310e+03	-0.96	-0.92	0.000e+00
	3.981e+03	6.310e+03	-0.92	-0.88	0.000e+00
	3.981e+03	6.310e+03	-0.88	-0.84	0.000e+00
	3.981e+03	6.310e+03	-0.84	-0.80	0.000e+00
	3.981e+03	6.310e+03	-0.80	-0.76	0.000e+00
	3.981e+03	6.310e+03	-0.76	-0.72	0.000e+00
	3.981e+03	6.310e+03	-0.72	-0.68	0.000e+00
	3.981e+03	6.310e+03	-0.68	-0.64	0.000e+00
	3.981e+03	6.310e+03	-0.64	-0.60	0.000e+00
	3.981e+03	6.310e+03	-0.60	-0.56	0.000e+00
	3.981e+03	6.310e+03	-0.56	-0.52	0.000e+00
	3.981e+03	6.310e+03	-0.52	-0.48	0.000e+00
	3.981e+03	6.310e+03	-0.48	-0.44	0.000e+00
	3.981e+03	6.310e+03	-0.44	-0.40	0.000e+00
	3.981e+03	6.310e+03	-0.40	-0.36	0.000e+00
	3.981e+03	6.310e+03	-0.36	-0.32	0.000e+00
	3.981e+03	6.310e+03	-0.32	-0.28	0.000e+00
	3.981e+03	6.310e+03	-0.28	-0.24	0.000e+00
	3.981e+03	6.310e+03	-0.24	-0.20	0.000e+00
	3.981e+03	6.310e+03	-0.20	-0.16	4.918e-02
	3.981e+03	6.310e+03	-0.16	-0.12	2.045e-01
	3.981e+03	6.310e+03	-0.12	-0.08	1.089e+00
	3.981e+03	6.310e+03	-0.08	-0.04	2.461e+00
	3.981e+03	6.310e+03	-0.04	0.00	3.016e+00
	3.981e+03	6.310e+03	0.00	0.04	2.887e+00
	3.981e+03	6.310e+03	0.04	0.08	3.436e+00
	3.981e+03	6.310e+03	0.08	0.12	3.203e+00
	3.981e+03	6.310e+03	0.12	0.16	3.143e+00
	3.981e+03	6.310e+03	0.16	0.20	3.469e+00
	3.981e+03	6.310e+03	0.20	0.24	3.194e+00
	3.981e+03	6.310e+03	0.24	0.28	3.170e+00
	3.981e+03	6.310e+03	0.28	0.32	3.297e+00
	3.981e+03	6.310e+03	0.32	0.36	3.277e+00
	3.981e+03	6.310e+03	0.36	0.40	3.189e+00
	3.981e+03	6.310e+03	0.40	0.44	3.242e+00
	3.981e+03	6.310e+03	0.44	0.48	3.261e+00
	3.981e+03	6.310e+03	0.48	0.52	2.989e+00
	3.981e+03	6.310e+03	0.52	0.56	3.073e+00
	3.981e+03	6.310e+03	0.56	0.60	2.927e+00
	3.981e+03	6.310e+03	0.60	0.64	3.262e+00
	3.981e+03	6.310e+03	0.64	0.68	2.982e+00
	3.981e+03	6.310e+03	0.68	0.72	3.087e+00
	3.981e+03	6.310e+03	0.72	0.76	3.189e+00
	3.981e+03	6.310e+03	0.76	0.80	2.994e+00
	3.981e+03	6.310e+03	0.80	0.84	2.971e+00
	3.981e+03	6.310e+03	0.84	0.88	2.790e+00
	3.981e+03	6.310e+03	0.88	0.92	2.952e+00
	3.981e+03	6.310e+03	0.92	0.96	2.637e+00
	3.981e+03	6.310e+03	0.96	1.00	2.540e+00
	6.310e+03	1.000e+04	-1.00	-0.96	0.000e+00
	6.310e+03	1.000e+04	-0.96	-0.92	0.000e+00
	6.310e+03	1.000e+04	-0.92	-0.88	0.000e+00
	6.310e+03	1.000e+04	-0.88	-0.84	0.000e+00
	6.310e+03	1.000e+04	-0.84	-0.80	0.000e+00
	6.310e+03	1.000e+04	-0.80	-0.76	0.000e+00
	6.310e+03	1.000e+04	-0.76	-0.72	0.000e+00
	6.310e+03	1.000e+04	-0.72	-0.68	0.000e+00
	6.310e+03	1.000e+04	-0.68	-0.64	0.000e+00
	6.310e+03	1.000e+04	-0.64	-0.60	0.000e+00
	6.310e+03	1.000e+04	-0.60	-0.56	0.000e+00
	6.310e+03	1.000e+04	-0.56	-0.52	0.000e+00
	6.310e+03	1.000e+04	-0.52	-0.48	0.000e+00
	6.310e+03	1.000e+04	-0.48	-0.44	0.000e+00
	6.310e+03	1.000e+04	-0.44	-0.40	0.000e+00
	6.310e+03	1.000e+04	-0.40	-0.36	0.000e+00
	6.310e+03	1.000e+04	-0.36	-0.32	0.000e+00
	6.310e+03	1.000e+04	-0.32	-0.28	0.000e+00
	6.310e+03	1.000e+04	-0.28	-0.24	3.880e-03
	6.310e+03	1.000e+04	-0.24	-0.20	1.043e-02
	6.310e+03	1.000e+04	-0.20	-0.16	1.211e-01
	6.310e+03	1.000e+04	-0.16	-0.12	4.872e-01
	6.310e+03	1.000e+04	-0.12	-0.08	2.208e+00
	6.310e+03	1.000e+04	-0.08	-0.04	5.209e+00
	6.310e+03	1.000e+04	-0.04	0.00	6.306e+00
	6.310e+03	1.000e+04	0.00	0.04	6.358e+00
	6.310e+03	1.000e+04	0.04	0.08	5.725e+00
	6.310e+03	1.000e+04	0.08	0.12	6.222e+00
	6.310e+03	1.000e+04	0.12	0.16	6.102e+00
	6.310e+03	1.000e+04	0.16	0.20	6.207e+00
	6.310e+03	1.000e+04	0.20	0.24	6.596e+00
	6.310e+03	1.000e+04	0.24	0.28	6.198e+00
	6.310e+03	1.000e+04	0.28	0.32	6.160e+00
	6.310e+03	1.000e+04	0.32	0.36	6.462e+00
	6.310e+03	1.000e+04	0.36	0.40	6.143e+00
	6.310e+03	1.000e+04	0.40	0.44	6.164e+00
	6.310e+03	1.000e+04	0.44	0.48	6.077e+00
	6.310e+03	1.000e+04	0.48	0.52	5.602e+00
	6.310e+03	1.000e+04	0.52	0.56	6.009e+00
	6.310e+03	1.000e+04	0.56	0.60	5.730e+00
	6.310e+03	1.000e+04	0.60	0.64	5.686e+00
	6.310e+03	1.000e+04	0.64	0.68	5.833e+00
	6.310e+03	1.000e+04	0.68	0.72	5.649e+00
	6.310e+03	1.000e+04	0.72	0.76	5.270e+00
	6.310e+03	1.000e+04	0.76	0.80	5.516e+00
	6.310e+03	1.000e+04	0.80	0.84	5.549e+00
	6.310e+03	1.000e+04	0.84	0.88	5.277e+00
	6.310e+03	1.000e+04	0.88	0.92	5.016e+00
	6.310e+03	1.000e+04	0.92	0.96	4.634e+00
	6.310e+03	1.000e+04	0.96	1.00	4.065e+00
	1.000e+04	1.585e+04	-1.00	-0.96	1.462e-02
	1.000e+04	1.585e+04	-0.96	-0.92	0.000e+00
	1.000e+04	1.585e+04	-0.92	-0.88	2.144e-03
	1.000e+04	1.585e+04	-0.88	-0.84	0.000e+00
	1.000e+04	1.585e+04	-0.84	-0.80	3.546e-03
	1.000e+04	1.585e+04	-0.80	-0.76	0.000e+00
	1.000e+04	1.585e+04	-0.76	-0.72	0.000e+00
	1.000e+04	1.585e+04	-0.72	-0.68	0.000e+00
	1.000e+04	1.585e+04	-0.68	-0.64	0.000e+00
	1.000e+04	1.585e+04	-0.64	-0.60	2.408e-03
	1.000e+04	1.585e+04	-0.60	-0.56	4.007e-03
	1.000e+04	1.585e+04	-0.56	-0.52	0.000e+00
	1.000e+04	1.585e+04	-0.52	-0.48	0.000e+00
	1.000e+04	1.585e+04	-0.48	-0.44	0.000e+00
	1.000e+04	1.585e+04	-0.44	-0.40	0.000e+00
	1.000e+04	1.585e+04	-0.40	-0.36	0.000e+00
	1.000e+04	1.585e+04	-0.36	-0.32	0.000e+00
	1.000e+04	1.585e+04	-0.32	-0.28	1.423e-02
	1.000e+04	1.585e+04	-0.28	-0.24	5.381e-03
	1.000e+04	1.585e+04	-0.24	-0.20	7.114e-02
	1.000e+04	1.585e+04	-0.20	-0.16	4.423e-01
	1.000e+04	1.585e+04	-0.16	-0.12	1.461e+00
	1.000e+04	1.585e+04	-0.12	-0.08	4.772e+00
	1.000e+04	1.585e+04	-0.08	-0.04	9.804e+00
	1.000e+04	1.585e+04	-0.04	0.00	1.078e+01
	1.000e+04	1.585e+04	0.00	0.04	1.154e+01
	1.000e+04	1.585e+04	0.04	0.08	1.097e+01
	1.000e+04	1.585e+04	0.08	0.12	1.060e+01
	1.000e+04	1.585e+04	0.12	0.16	1.205e+01
	1.000e+04	1.585e+04	0.16	0.20	1.204e+01
	1.000e+04	1.585e+04	0.20	0.24	1.148e+01
	1.000e+04	1.585e+04	0.24	0.28	1.146e+01
	1.000e+04	1.585e+04	0.28	0.32	1.102e+01
	1.000e+04	1.585e+04	0.32	0.36	1.074e+01
	1.000e+04	1.585e+04	0.36	0.40	1.041e+01
	1.000e+04	1.585e+04	0.40	0.44	1.080e+01
	1.000e+04	1.585e+04	0.44	0.48	1.054e+01
	1.000e+04	1.585e+04	0.48	0.52	1.047e+01
	1.000e+04	1.585e+04	0.52	0.56	1.012e+01
	1.000e+04	1.585e+04	0.56	0.60	9.891e+00
	1.000e+04	1.585e+04	0.60	0.64	9.712e+00
	1.000e+04	1.585e+04	0.64	0.68	9.767e+00
	1.000e+04	1.585e+04	0.68	0.72	9.880e+00
	1.000e+04	1.585e+04	0.72	0.76	9.879e+00
	1.000e+04	1.585e+04	0.76	0.80	8.841e+00
	1.000e+04	1.585e+04	0.80	0.84	9.204e+00
	1.000e+04	1.585e+04	0.84	0.88	9.016e+00
	1.000e+04	1.585e+04	0.88	0.92	8.441e+00
	1.000e+04	1.585e+04	0.92	0.96	7.866e+00
	1.000e+04	1.585e+04	0.96	1.00	6.537e+00
	1.585e+04	2.512e+04	-1.00	-0.96	3.676e-02
	1.585e+04	2.512e+04	-0.96	-0.92	1.315e-02
	1.585e+04	2.512e+04	-0.92	-0.88	2.658e-02
	1.585e+04	2.512e+04	-0.88	-0.84	2.313e-02
	1.585e+04	2.512e+04	-0.84	-0.80	6.194e-03
	1.585e+04	2.512e+04	-0.80	-0.76	6.615e-03
	1.585e+04	2.512e+04	-0.76	-0.72	1.851e-02
	1.585e+04	2.512e+04	-0.72	-0.68	0.000e+00
	1.585e+04	2.512e+04	-0.68	-0.64	1.884e-02
	1.585e+04	2.512e+04	-0.64	-0.60	5.528e-03
	1.585e+04	2.512e+04	-0.60	-0.56	1.934e-02
	1.585e+04	2.512e+04	-0.56	-0.52	4.260e-02
	1.585e+04	2.512e+04	-0.52	-0.48	1.524e-02
	1.585e+04	2.512e+04	-0.48	-0.44	2.444e-02
	1.585e+04	2.512e+04	-0.44	-0.40	2.302e-02
	1.585e+04	2.512e+04	-0.40	-0.36	2.131e-02
	1.585e+04	2.512e+04	-0.36	-0.32	2.243e-02
	1.585e+04	2.512e+04	-0.32	-0.28	7.015e-02
	1.585e+04	2.512e+04	-0.28	-0.24	1.311e-01
	1.585e+04	2.512e+04	-0.24	-0.20	3.228e-01
	1.585e+04	2.512e+04	-0.20	-0.16	1.183e+00
	1.585e+04	2.512e+04	-0.16	-0.12	3.361e+00
	1.585e+04	2.512e+04	-0.12	-0.08	9.157e+00
	1.585e+04	2.512e+04	-0.08	-0.04	1.784e+01
	1.585e+04	2.512e+04	-0.04	0.00	2.054e+01
	1.585e+04	2.512e+04	0.00	0.04	2.032e+01
	1.585e+04	2.512e+04	0.04	0.08	1.985e+01
	1.585e+04	2.512e+04	0.08	0.12	2.002e+01
	1.585e+04	2.512e+04	0.12	0.16	1.933e+01
	1.585e+04	2.512e+04	0.16	0.20	1.935e+01
	1.585e+04	2.512e+04	0.20	0.24	1.956e+01
	1.585e+04	2.512e+04	0.24	0.28	1.923e+01
	1.585e+04	2.512e+04	0.28	0.32	1.926e+01
	1.585e+04	2.512e+04	0.32	0.36	1.872e+01
	1.585e+04	2.512e+04	0.36	0.40	1.777e+01
	1.585e+04	2.512e+04	0.40	0.44	1.708e+01
	1.585e+04	2.512e+04	0.44	0.48	1.716e+01
	1.585e+04	2.512e+04	0.48	0.52	1.761e+01
	1.585e+04	2.512e+04	0.52	0.56	1.686e+01
	1.585e+04	2.512e+04	0.56	0.60	1.680e+01
	1.585e+04	2.512e+04	0.60	0.64	1.671e+01
	1.585e+04	2.512e+04	0.64	0.68	1.604e+01
	1.585e+04	2.512e+04	0.68	0.72	1.537e+01
	1.585e+04	2.512e+04	0.72	0.76	1.509e+01
	1.585e+04	2.512e+04	0.76	0.80	1.532e+01
	1.585e+04	2.512e+04	0.80	0.84	1.516e+01
	1.585e+04	2.512e+04	0.84	0.88	1.303e+01
	1.585e+04	2.512e+04	0.88	0.92	1.240e+01
	1.585e+04	2.512e+04	0.92	0.96	1.131e+01
	1.585e+04	2.512e+04	0.96	1.00	1.008e+01
	2.512e+04	3.981e+04	-1.00	-0.96	1.319e-01
	2.512e+04	3.981e+04	-0.96	-0.92	5.546e-02
	2.512e+04	3.981e+04	-0.92	-0.88	2.149e-02
	2.512e+04	3.981e+04	-0.88	-0.84	4.739e-02
	2.512e+04	3.981e+04	-0.84	-0.80	1.441e-02
	2.512e+04	3.981e+04	-0.80	-0.76	2.509e-02
	2.512e+04	3.981e+04	-0.76	-0.72	2.642e-02
	2.512e+04	3.981e+04	-0.72	-0.68	1.342e-02
	2.512e+04	3.981e+04	-0.68	-0.64	3.717e-02
	2.512e+04	3.981e+04	-0.64	-0.60	4.354e-02
	2.512e+04	3.981e+04	-0.60	-0.56	3.610e-02
	2.512e+04	3.981e+04	-0.56	-0.52	5.975e-02
	2.512e+04	3.981e+04	-0.52	-0.48	6.153e-02
	2.512e+04	3.981e+04	-0.48	-0.44	4.637e-02
	2.512e+04	3.981e+04	-0.44	-0.40	3.762e-02
	2.512e+04	3.981e+04	-0.40	-0.36	8.539e-02
	2.512e+04	3.981e+04	-0.36	-0.32	1.476e-01
	2.512e+04	3.981e+04	-0.32	-0.28	3.243e-01
	2.512e+04	3.981e+04	-0.28	-0.24	7.880e-01
	2.512e+04	3.981e+04	-0.24	-0.20	1.421e+00
	2.512e+04	3.981e+04	-0.20	-0.16	3.567e+00
	2.512e+04	3.981e+04	-0.16	-0.12	7.862e+00
	2.512e+04	3.981e+04	-0.12	-0.08	1.769e+01
	2.512e+04	3.981e+04	-0.08	-0.04	3.021e+01
	2.512e+04	3.981e+04	-0.04	0.00	3.440e+01
	2.512e+04	3.981e+04	0.00	0.04	3.536e+01
	2.512e+04	3.981e+04	0.04	0.08	3.428e+01
	2.512e+04	3.981e+04	0.08	0.12	3.362e+01
	2.512e+04	3.981e+04	0.12	0.16	3.433e+01
	2.512e+04	3.981e+04	0.16	0.20	3.187e+01
	2.512e+04	3.981e+04	0.20	0.24	3.072e+01
	2.512e+04	3.981e+04	0.24	0.28	3.010e+01
	2.512e+04	3.981e+04	0.28	0.32	3.054e+01
	2.512e+04	3.981e+04	0.32	0.36	2.868e+01
	2.512e+04	3.981e+04	0.36	0.40	2.960e+01
	2.512e+04	3.981e+04	0.40	0.44	2.915e+01
	2.512e+04	3.981e+04	0.44	0.48	2.591e+01
	2.512e+04	3.981e+04	0.48	0.52	2.775e+01
	2.512e+04	3.981e+04	0.52	0.56	2.634e+01
	2.512e+04	3.981e+04	0.56	0.60	2.669e+01
	2.512e+04	3.981e+04	0.60	0.64	2.551e+01
	2.512e+04	3.981e+04	0.64	0.68	2.543e+01
	2.512e+04	3.981e+04	0.68	0.72	2.499e+01
	2.512e+04	3.981e+04	0.72	0.76	2.249e+01
	2.512e+04	3.981e+04	0.76	0.80	2.208e+01
	2.512e+04	3.981e+04	0.80	0.84	2.195e+01
	2.512e+04	3.981e+04	0.84	0.88	2.137e+01
	2.512e+04	3.981e+04	0.88	0.92	1.773e+01
	2.512e+04	3.981e+04	0.92	0.96	1.736e+01
	2.512e+04	3.981e+04	0.96	1.00	1.480e+01
	3.981e+04	6.310e+04	-1.00	-0.96	3.159e-01
	3.981e+04	6.310e+04	-0.96	-0.92	1.884e-01
	3.981e+04	6.310e+04	-0.92	-0.88	1.693e-01
	3.981e+04	6.310e+04	-0.88	-0.84	1.075e-01
	3.981e+04	6.310e+04	-0.84	-0.80	8.782e-02
	3.981e+04	6.310e+04	-0.80	-0.76	1.629e-01
	3.981e+04	6.310e+04	-0.76	-0.72	7.882e-02
	3.981e+04	6.310e+04	-0.72	-0.68	1.028e-01
	3.981e+04	6.310e+04	-0.68	-0.64	8.411e-02
	3.981e+04	6.310e+04	-0.64	-0.60	7.161e-02
	3.981e+04	6.310e+04	-0.60	-0.56	1.390e-01
	3.981e+04	6.310e+04	-0.56	-0.52	1.263e-01
	3.981e+04	6.310e+04	-0.52	-0.48	1.792e-01
	3.981e+04	6.310e+04	-0.48	-0.44	2.165e-01
	3.981e+04	6.310e+04	-0.44	-0.40	2.456e-01
	3.981e+04	6.310e+04	-0.40	-0.36	5.369e-01
	3.981e+04	6.310e+04	-0.36	-0.32	6.985e-01
	3.981e+04	6.310e+04	-0.32	-0.28	9.495e-01
	3.981e+04	6.310e+04	-0.28	-0.24	2.300e+00
	3.981e+04	6.310e+04	-0.24	-0.20	4.382e+00
	3.981e+04	6.310e+04	-0.20	-0.16	8.018e+00
	3.981e+04	6.310e+04	-0.16	-0.12	1.548e+01
	3.981e+04	6.310e+04	-0.12	-0.08	3.377e+01
	3.981e+04	6.310e+04	-0.08	-0.04	4.907e+01
	3.981e+04	6.310e+04	-0.04	0.00	5.510e+01
	3.981e+04	6.310e+04	0.00	0.04	5.623e+01
	3.981e+04	6.310e+04	0.04	0.08	5.542e+01
	3.981e+04	6.310e+04	0.08	0.12	5.405e+01
	3.981e+04	6.310e+04	0.12	0.16	5.020e+01
	3.981e+04	6.310e+04	0.16	0.20	4.838e+01
	3.981e+04	6.310e+04	0.20	0.24	4.881e+01
	3.981e+04	6.310e+04	0.24	0.28	4.770e+01
	3.981e+04	6.310e+04	0.28	0.32	4.351e+01
	3.981e+04	6.310e+04	0.32	0.36	4.392e+01
	3.981e+04	6.310e+04	0.36	0.40	4.444e+01
	3.981e+04	6.310e+04	0.40	0.44	4.398e+01
	3.981e+04	6.310e+04	0.44	0.48	4.200e+01
	3.981e+04	6.310e+04	0.48	0.52	3.916e+01
	3.981e+04	6.310e+04	0.52	0.56	3.651e+01
	3.981e+04	6.310e+04	0.56	0.60	3.759e+01
	3.981e+04	6.310e+04	0.60	0.64	3.888e+01
	3.981e+04	6.310e+04	0.64	0.68	3.519e+01
	3.981e+04	6.310e+04	0.68	0.72	3.554e+01
	3.981e+04	6.310e+04	0.72	0.76	3.400e+01
	3.981e+04	6.310e+04	0.76	0.80	3.199e+01
	3.981e+04	6.310e+04	0.80	0.84	3.050e+01
	3.981e+04	6.310e+04	0.84	0.88	2.876e+01
	3.981e+04	6.310e+04	0.88	0.92	2.376e+01
	3.981e+04	6.310e+04	0.92	0.96	2.133e+01
	3.981e+04	6.310e+04	0.96	1.00	1.896e+01
	6.310e+04	1.000e+05	-1.00	-0.96	8.738e-01
	6.310e+04	1.000e+05	-0.96	-0.92	4.401e-01
	6.310e+04	1.000e+05	-0.92	-0.88	3.215e-01
	6.310e+04	1.000e+05	-0.88	-0.84	1.680e-01
	6.310e+04	1.000e+05	-0.84	-0.80	2.012e-01
	6.310e+04	1.000e+05	-0.80	-0.76	2.211e-01
	6.310e+04	1.000e+05	-0.76	-0.72	2.170e-01
	6.310e+04	1.000e+05	-0.72	-0.68	1.966e-01
	6.310e+04	1.000e+05	-0.68	-0.64	3.401e-01
	6.310e+04	1.000e+05	-0.64	-0.60	3.488e-01
	6.310e+04	1.000e+05	-0.60	-0.56	3.495e-01
	6.310e+04	1.000e+05	-0.56	-0.52	4.465e-01
	6.310e+04	1.000e+05	-0.52	-0.48	7.250e-01
	6.310e+04	1.000e+05	-0.48	-0.44	8.494e-01
	6.310e+04	1.000e+05	-0.44	-0.40	9.324e-01
	6.310e+04	1.000e+05	-0.40	-0.36	1.751e+00
	6.310e+04	1.000e+05	-0.36	-0.32	2.740e+00
	6.310e+04	1.000e+05	-0.32	-0.28	4.201e+00
	6.310e+04	1.000e+05	-0.28	-0.24	7.045e+00
	6.310e+04	1.000e+05	-0.24	-0.20	1.166e+01
	6.310e+04	1.000e+05	-0.20	-0.16	1.833e+01
	6.310e+04	1.000e+05	-0.16	-0.12	3.270e+01
	6.310e+04	1.000e+05	-0.12	-0.08	5.303e+01
	6.310e+04	1.000e+05	-0.08	-0.04	7.613e+01
	6.310e+04	1.000e+05	-0.04	0.00	8.403e+01
	6.310e+04	1.000e+05	0.00	0.04	8.750e+01
	6.310e+04	1.000e+05	0.04	0.08	8.208e+01
	6.310e+04	1.000e+05	0.08	0.12	8.179e+01
	6.310e+04	1.000e+05	0.12	0.16	8.066e+01
	6.310e+04	1.000e+05	0.16	0.20	7.356e+01
	6.310e+04	1.000e+05	0.20	0.24	7.333e+01
	6.310e+04	1.000e+05	0.24	0.28	7.188e+01
	6.310e+04	1.000e+05	0.28	0.32	6.875e+01
	6.310e+04	1.000e+05	0.32	0.36	6.554e+01
	6.310e+04	1.000e+05	0.36	0.40	6.281e+01
	6.310e+04	1.000e+05	0.40	0.44	6.400e+01
	6.310e+04	1.000e+05	0.44	0.48	5.854e+01
	6.310e+04	1.000e+05	0.48	0.52	5.784e+01
	6.310e+04	1.000e+05	0.52	0.56	5.486e+01
	6.310e+04	1.000e+05	0.56	0.60	5.309e+01
	6.310e+04	1.000e+05	0.60	0.64	5.160e+01
	6.310e+04	1.000e+05	0.64	0.68	5.347e+01
	6.310e+04	1.000e+05	0.68	0.72	4.777e+01
	6.310e+04	1.000e+05	0.72	0.76	4.765e+01
	6.310e+04	1.000e+05	0.76	0.80	3.905e+01
	6.310e+04	1.000e+05	0.80	0.84	4.053e+01
	6.310e+04	1.000e+05	0.84	0.88	3.831e+01
	6.310e+04	1.000e+05	0.88	0.92	3.034e+01
	6.310e+04	1.000e+05	0.92	0.96	2.702e+01
	6.310e+04	1.000e+05	0.96	1.00	2.084e+01
	1.000e+05	1.585e+05	-1.00	-0.96	1.793e+00
	1.000e+05	1.585e+05	-0.96	-0.92	1.076e+00
	1.000e+05	1.585e+05	-0.92	-0.88	6.235e-01
	1.000e+05	1.585e+05	-0.88	-0.84	5.487e-01
	1.000e+05	1.585e+05	-0.84	-0.80	6.053e-01
	1.000e+05	1.585e+05	-0.80	-0.76	4.124e-01
	1.000e+05	1.585e+05	-0.76	-0.72	5.435e-01
	1.000e+05	1.585e+05	-0.72	-0.68	5.507e-01
	1.000e+05	1.585e+05	-0.68	-0.64	8.094e-01
	1.000e+05	1.585e+05	-0.64	-0.60	9.414e-01
	1.000e+05	1.585e+05	-0.60	-0.56	1.041e+00
	1.000e+05	1.585e+05	-0.56	-0.52	1.564e+00
	1.000e+05	1.585e+05	-0.52	-0.48	2.316e+00
	1.000e+05	1.585e+05	-0.48	-0.44	2.867e+00
	1.000e+05	1.585e+05	-0.44	-0.40	4.573e+00
	1.000e+05	1.585e+05	-0.40	-0.36	5.380e+00
	1.000e+05	1.585e+05	-0.36	-0.32	8.411e+00
	1.000e+05	1.585e+05	-0.32	-0.28	1.036e+01
	1.000e+05	1.585e+05	-0.28	-0.24	1.817e+01
	1.000e+05	1.585e+05	-0.24	-0.20	2.577e+01
	1.000e+05	1.585e+05	-0.20	-0.16	3.786e+01
	1.000e+05	1.585e+05	-0.16	-0.12	5.670e+01
	1.000e+05	1.585e+05	-0.12	-0.08	8.640e+01
	1.000e+05	1.585e+05	-0.08	-0.04	1.203e+02
	1.000e+05	1.585e+05	-0.04	0.00	1.282e+02
	1.000e+05	1.585e+05	0.00	0.04	1.231e+02
	1.000e+05	1.585e+05	0.04	0.08	1.210e+02
	1.000e+05	1.585e+05	0.08	0.12	1.201e+02
	1.000e+05	1.585e+05	0.12	0.16	1.184e+02
	1.000e+05	1.585e+05	0.16	0.20	1.115e+02
	1.000e+05	1.585e+05	0.20	0.24	1.102e+02
	1.000e+05	1.585e+05	0.24	0.28	1.029e+02
	1.000e+05	1.585e+05	0.28	0.32	9.189e+01
	1.000e+05	1.585e+05	0.32	0.36	9.466e+01
	1.000e+05	1.585e+05	0.36	0.40	9.565e+01
	1.000e+05	1.585e+05	0.40	0.44	8.689e+01
	1.000e+05	1.585e+05	0.44	0.48	8.680e+01
	1.000e+05	1.585e+05	0.48	0.52	8.283e+01
	1.000e+05	1.585e+05	0.52	0.56	7.397e+01
	1.000e+05	1.585e+05	0.56	0.60	6.993e+01
	1.000e+05	1.585e+05	0.60	0.64	6.633e+01
	1.000e+05	1.585e+05	0.64	0.68	6.504e+01
	1.000e+05	1.585e+05	0.68	0.72	6.155e+01
	1.000e+05	1.585e+05	0.72	0.76	5.847e+01
	1.000e+05	1.585e+05	0.76	0.80	5.643e+01
	1.000e+05	1.585e+05	0.80	0.84	5.067e+01
	1.000e+05	1.585e+05	0.84	0.88	4.326e+01
	1.000e+05	1.585e+05	0.88	0.92	3.345e+01
	1.000e+05	1.585e+05	0.92	0.96	2.831e+01
	1.000e+05	1.585e+05	0.96	1.00	2.128e+01
	1.585e+05	2.512e+05	-1.00	-0.96	4.020e+00
	1.585e+05	2.512e+05	-0.96	-0.92	2.846e+00
	1.585e+05	2.512e+05	-0.92	-0.88	1.883e+00
	1.585e+05	2.512e+05	-0.88	-0.84	1.833e+00
	1.585e+05	2.512e+05	-0.84	-0.80	1.744e+00
	1.585e+05	2.512e+05	-0.80	-0.76	1.925e+00
	1.585e+05	2.512e+05	-0.76	-0.72	1.717e+00
	1.585e+05	2.512e+05	-0.72	-0.68	2.224e+00
	1.585e+05	2.512e+05	-0.68	-0.64	2.663e+00
	1.585e+05	2.512e+05	-0.64	-0.60	3.554e+00
	1.585e+05	2.512e+05	-0.60	-0.56	3.796e+00
	1.585e+05	2.512e+05	-0.56	-0.52	5.951e+00
	1.585e+05	2.512e+05	-0.52	-0.48	8.772e+00
	1.585e+05	2.512e+05	-0.48	-0.44	9.786e+00
	1.585e+05	2.512e+05	-0.44	-0.40	1.268e+01
	1.585e+05	2.512e+05	-0.40	-0.36	1.759e+01
	1.585e+05	2.512e+05	-0.36	-0.32	2.214e+01
	1.585e+05	2.512e+05	-0.32	-0.28	2.855e+01
	1.585e+05	2.512e+05	-0.28	-0.24	3.895e+01
	1.585e+05	2.512e+05	-0.24	-0.20	4.999e+01
	1.585e+05	2.512e+05	-0.20	-0.16	6.854e+01
	1.585e+05	2.512e+05	-0.16	-0.12	9.530e+01
	1.585e+05	2.512e+05	-0.12	-0.08	1.320e+02
	1.585e+05	2.512e+05	-0.08	-0.04	1.798e+02
	1.585e+05	2.512e+05	-0.04	0.00	1.898e+02
	1.585e+05	2.512e+05	0.00	0.04	1.848e+02
	1.585e+05	2.512e+05	0.04	0.08	1.774e+02
	1.585e+05	2.512e+05	0.08	0.12	1.669e+02
	1.585e+05	2.512e+05	0.12	0.16	1.557e+02
	1.585e+05	2.512e+05	0.16	0.20	1.531e+02
	1.585e+05	2.512e+05	0.20	0.24	1.479e+02
	1.585e+05	2.512e+05	0.24	0.28	1.359e+02
	1.585e+05	2.512e+05	0.28	0.32	1.341e+02
	1.585e+05	2.512e+05	0.32	0.36	1.279e+02
	1.585e+05	2.512e+05	0.36	0.40	1.255e+02
	1.585e+05	2.512e+05	0.40	0.44	1.158e+02
	1.585e+05	2.512e+05	0.44	0.48	1.136e+02
	1.585e+05	2.512e+05	0.48	0.52	9.728e+01
	1.585e+05	2.512e+05	0.52	0.56	1.013e+02
	1.585e+05	2.512e+05	0.56	0.60	9.300e+01
	1.585e+05	2.512e+05	0.60	0.64	7.798e+01
	1.585e+05	2.512e+05	0.64	0.68	8.560e+01
	1.585e+05	2.512e+05	0.68	0.72	7.452e+01
	1.585e+05	2.512e+05	0.72	0.76	7.043e+01
	1.585e+05	2.512e+05	0.76	0.80	6.346e+01
	1.585e+05	2.512e+05	0.80	0.84	5.590e+01
	1.585e+05	2.512e+05	0.84	0.88	4.562e+01
	1.585e+05	2.512e+05	0.88	0.92	3.759e+01
	1.585e+05	2.512e+05	0.92	0.96	2.587e+01
	1.585e+05	2.512e+05	0.96	1.00	2.318e+01
	2.512e+05	3.981e+05	-1.00	-0.96	1.038e+01
	2.512e+05	3.981e+05	-0.96	-0.92	7.673e+00
	2.512e+05	3.981e+05	-0.92	-0.88	5.849e+00
	2.512e+05	3.981e+05	-0.88	-0.84	6.423e+00
	2.512e+05	3.981e+05	-0.84	-0.80	6.543e+00
	2.512e+05	3.981e+05	-0.80	-0.76	6.982e+00
	2.512e+05	3.981e+05	-0.76	-0.72	7.047e+00
	2.512e+05	3.981e+05	-0.72	-0.68	8.570e+00
	2.512e+05	3.981e+05	-0.68	-0.64	1.032e+01
	2.512e+05	3.981e+05	-0.64	-0.60	1.076e+01
	2.512e+05	3.981e+05	-0.60	-0.56	1.364e+01
	2.512e+05	3.981e+05	-0.56	-0.52	1.805e+01
	2.512e+05	3.981e+05	-0.52	-0.48	2.213e+01
	2.512e+05	3.981e+05	-0.48	-0.44	2.471e+01
	2.512e+05	3.981e+05	-0.44	-0.40	3.260e+01
	2.512e+05	3.981e+05	-0.40	-0.36	3.740e+01
	2.512e+05	3.981e+05	-0.36	-0.32	4.631e+01
	2.512e+05	3.981e+05	-0.32	-0.28	5.566e+01
	2.512e+05	3.981e+05	-0.28	-0.24	7.046e+01
	2.512e+05	3.981e+05	-0.24	-0.20	8.558e+01
	2.512e+05	3.981e+05	-0.20	-0.16	1.138e+02
	2.512e+05	3.981e+05	-0.16	-0.12	1.442e+02
	2.512e+05	3.981e+05	-0.12	-0.08	1.973e+02
	2.512e+05	3.981e+05	-0.08	-0.04	2.561e+02
	2.512e+05	3.981e+05	-0.04	0.00	2.735e+02
	2.512e+05	3.981e+05	0.00	0.04	2.730e+02
	2.512e+05	3.981e+05	0.04	0.08	2.541e+02
	2.512e+05	3.981e+05	0.08	0.12	2.300e+02
	2.512e+05	3.981e+05	0.12	0.16	2.152e+02
	2.512e+05	3.981e+05	0.16	0.20	2.010e+02
	2.512e+05	3.981e+05	0.20	0.24	1.952e+02
	2.512e+05	3.981e+05	0.24	0.28	1.882e+02
	2.512e+05	3.981e+05	0.28	0.32	1.804e+02
	2.512e+05	3.981e+05	0.32	0.36	1.636e+02
	2.512e+05	3.981e+05	0.36	0.40	1.637e+02
	2.512e+05	3.981e+05	0.40	0.44	1.530e+02
	2.512e+05	3.981e+05	0.44	0.48	1.355e+02
	2.512e+05	3.981e+05	0.48	0.52	1.254e+02
	2.512e+05	3.981e+05	0.52	0.56	1.143e+02
	2.512e+05	3.981e+05	0.56	0.60	1.051e+02
	2.512e+05	3.981e+05	0.60	0.64	9.856e+01
	2.512e+05	3.981e+05	0.64	0.68	9.656e+01
	2.512e+05	3.981e+05	0.68	0.72	9.123e+01
	2.512e+05	3.981e+05	0.72	0.76	8.193e+01
	2.512e+05	3.981e+05	0.76	0.80	7.657e+01
	2.512e+05	3.981e+05	0.80	0.84	6.371e+01
	2.512e+05	3.981e+05	0.84	0.88	4.363e+01
	2.512e+05	3.981e+05	0.88	0.92	3.521e+01
	2.512e+05	3.981e+05	0.92	0.96	2.385e+01
	2.512e+05	3.981e+05	0.96	1.00	1.767e+01
	3.981e+05	6.310e+05	-1.00	-0.96	2.238e+01
	3.981e+05	6.310e+05	-0.96	-0.92	1.984e+01
	3.981e+05	6.310e+05	-0.92	-0.88	1.925e+01
	3.981e+05	6.310e+05	-0.88	-0.84	1.825e+01
	3.981e+05	6.310e+05	-0.84	-0.80	1.923e+01
	3.981e+05	6.310e+05	-0.80	-0.76	2.111e+01
	3.981e+05	6.310e+05	-0.76	-0.72	2.120e+01
	3.981e+05	6.310e+05	-0.72	-0.68	2.417e+01
	3.981e+05	6.310e+05	-0.68	-0.64	2.588e+01
	3.981e+05	6.310e+05	-0.64	-0.60	2.993e+01
	3.981e+05	6.310e+05	-0.60	-0.56	3.461e+01
	3.981e+05	6.310e+05	-0.56	-0.52	4.250e+01
	3.981e+05	6.310e+05	-0.52	-0.48	5.060e+01
	3.981e+05	6.310e+05	-0.48	-0.44	5.743e+01
	3.981e+05	6.310e+05	-0.44	-0.40	6.742e+01
	3.981e+05	6.310e+05	-0.40	-0.36	7.522e+01
	3.981e+05	6.310e+05	-0.36	-0.32	8.565e+01
	3.981e+05	6.310e+05	-0.32	-0.28	9.996e+01
	3.981e+05	6.310e+05	-0.28	-0.24	1.162e+02
	3.981e+05	6.310e+05	-0.24	-0.20	1.379e+02
	3.981e+05	6.310e+05	-0.20	-0.16	1.645e+02
	3.981e+05	6.310e+05	-0.16	-0.12	2.143e+02
	3.981e+05	6.310e+05	-0.12	-0.08	2.755e+02
	3.981e+05	6.310e+05	-0.08	-0.04	3.506e+02
	3.981e+05	6.310e+05	-0.04	0.00	3.852e+02
	3.981e+05	6.310e+05	0.00	0.04	3.565e+02
	3.981e+05	6.310e+05	0.04	0.08	3.472e+02
	3.981e+05	6.310e+05	0.08	0.12	3.187e+02
	3.981e+05	6.310e+05	0.12	0.16	2.828e+02
	3.981e+05	6.310e+05	0.16	0.20	2.877e+02
	3.981e+05	6.310e+05	0.20	0.24	2.536e+02
	3.981e+05	6.310e+05	0.24	0.28	2.497e+02
	3.981e+05	6.310e+05	0.28	0.32	2.220e+02
	3.981e+05	6.310e+05	0.32	0.36	2.103e+02
	3.981e+05	6.310e+05	0.36	0.40	1.892e+02
	3.981e+05	6.310e+05	0.40	0.44	1.764e+02
	3.981e+05	6.310e+05	0.44	0.48	1.771e+02
	3.981e+05	6.310e+05	0.48	0.52	1.399e+02
	3.981e+05	6.310e+05	0.52	0.56	1.445e+02
	3.981e+05	6.310e+05	0.56	0.60	1.193e+02
	3.981e+05	6.310e+05	0.60	0.64	1.048e+02
	3.981e+05	6.310e+05	0.64	0.68	9.835e+01
	3.981e+05	6.310e+05	0.68	0.72	9.250e+01
	3.981e+05	6.310e+05	0.72	0.76	8.620e+01
	3.981e+05	6.310e+05	0.76	0.80	8.093e+01
	3.981e+05	6.310e+05	0.80	0.84	6.021e+01
	3.981e+05	6.310e+05	0.84	0.88	4.420e+01
	3.981e+05	6.310e+05	0.88	0.92	2.915e+01
	3.981e+05	6.310e+05	0.92	0.96	2.187e+01
	3.981e+05	6.310e+05	0.96	1.00	1.346e+01
	6.310e+05	1.000e+06	-1.00	-0.96	3.855e+01
	6.310e+05	1.000e+06	-0.96	-0.92	4.045e+01
	6.310e+05	1.000e+06	-0.92	-0.88	4.074e+01
	6.310e+05	1.000e+06	-0.88	-0.84	4.430e+01
	6.310e+05	1.000e+06	-0.84	-0.80	4.361e+01
	6.310e+05	1.000e+06	-0.80	-0.76	4.472e+01
	6.310e+05	1.000e+06	-0.76	-0.72	4.819e+01
	6.310e+05	1.000e+06	-0.72	-0.68	5.217e+01
	6.310e+05	1.000e+06	-0.68	-0.64	5.561e+01
	6.310e+05	1.000e+06	-0.64	-0.60	6.258e+01
	6.310e+05	1.000e+06	-0.60	-0.56	7.044e+01
	6.310e+05	1.000e+06	-0.56	-0.52	7.765e+01
	6.310e+05	1.000e+06	-0.52	-0.48	8.983e+01
	6.310e+05	1.000e+06	-0.48	-0.44	9.923e+01
	6.310e+05	1.000e+06	-0.44	-0.40	1.119e+02
	6.310e+05	1.000e+06	-0.40	-0.36	1.199e+02
	6.310e+05	1.000e+06	-0.36	-0.32	1.439e+02
	6.310e+05	1.000e+06	-0.32	-0.28	1.594e+02
	6.310e+05	1.000e+06	-0.28	-0.24	1.815e+02
	6.310e+05	1.000e+06	-0.24	-0.20	2.144e+02
	6.310e+05	1.000e+06	-0.20	-0.16	2.571e+02
	6.310e+05	1.000e+06	-0.16	-0.12	3.108e+02
	6.310e+05	1.000e+06	-0.12	-0.08	4.032e+02
	6.310e+05	1.000e+06	-0.08	-0.04	5.187e+02
	6.310e+05	1.000e+06	-0.04	0.00	5.017e+02
	6.310e+05	1.000e+06	0.00	0.04	5.155e+02
	6.310e+05	1.000e+06	0.04	0.08	4.627e+02
	6.310e+05	1.000e+06	0.08	0.12	4.284e+02
	6.310e+05	1.000e+06	0.12	0.16	3.625e+02
	6.310e+05	1.000e+06	0.16	0.20	3.570e+02
	6.310e+05	1.000e+06	0.20	0.24	3.243e+02
	6.310e+05	1.000e+06	0.24	0.28	2.932e+02
	6.310e+05	1.000e+06	0.28	0.32	2.888e+02
	6.310e+05	1.000e+06	0.32	0.36	2.622e+02
	6.310e+05	1.000e+06	0.36	0.40	2.467e+02
	6.310e+05	1.000e+06	0.40	0.44	2.152e+02
	6.310e+05	1.000e+06	0.44	0.48	1.931e+02
	6.310e+05	1.000e+06	0.48	0.52	1.787e+02
	6.310e+05	1.000e+06	0.52	0.56	1.438e+02
	6.310e+05	1.000e+06	0.56	0.60	1.372e+02
	6.310e+05	1.000e+06	0.60	0.64	1.169e+02
	6.310e+05	1.000e+06	0.64	0.68	9.499e+01
	6.310e+05	1.000e+06	0.68	0.72	9.526e+01
	6.310e+05	1.000e+06	0.72	0.76	8.011e+01
	6.310e+05	1.000e+06	0.76	0.80	6.624e+01
	6.310e+05	1.000e+06	0.80	0.84	6.149e+01
	6.310e+05	1.000e+06	0.84	0.88	3.926e+01
	6.310e+05	1.000e+06	0.88	0.92	2.067e+01
	6.310e+05	1.000e+06	0.92	0.96	1.418e+01
	6.310e+05	1.000e+06	0.96	1.00	8.347e+00
	1.000e+06	1.585e+06	-1.00	-0.96	6.140e+01
	1.000e+06	1.585e+06	-0.96	-0.92	6.517e+01
	1.000e+06	1.585e+06	-0.92	-0.88	6.844e+01
	1.000e+06	1.585e+06	-0.88	-0.84	6.862e+01
	1.000e+06	1.585e+06	-0.84	-0.80	7.828e+01
	1.000e+06	1.585e+06	-0.80	-0.76	8.082e+01
	1.000e+06	1.585e+06	-0.76	-0.72	8.193e+01
	1.000e+06	1.585e+06	-0.72	-0.68	9.063e+01
	1.000e+06	1.585e+06	-0.68	-0.64	9.479e+01
	1.000e+06	1.585e+06	-0.64	-0.60	9.927e+01
	1.000e+06	1.585e+06	-0.60	-0.56	1.126e+02
	1.000e+06	1.585e+06	-0.56	-0.52	1.295e+02
	1.000e+06	1.585e+06	-0.52	-0.48	1.385e+02
	1.000e+06	1.585e+06	-0.48	-0.44	1.482e+02
	1.000e+06	1.585e+06	-0.44	-0.40	1.675e+02
	1.000e+06	1.585e+06	-0.40	-0.36	1.830e+02
	1.000e+06	1.585e+06	-0.36	-0.32	2.129e+02
	1.000e+06	1.585e+06	-0.32	-0.28	2.356e+02
	1.000e+06	1.585e+06	-0.28	-0.24	2.611e+02
	1.000e+06	1.585e+06	-0.24	-0.20	2.941e+02
	1.000e+06	1.585e+06	-0.20	-0.16	3.504e+02
	1.000e+06	1.585e+06	-0.16	-0.12	4.398e+02
	1.000e+06	1.585e+06	-0.12	-0.08	5.461e+02
	1.000e+06	1.585e+06	-0.08	-0.04	6.729e+02
	1.000e+06	1.585e+06	-0.04	0.00	7.143e+02
	1.000e+06	1.585e+06	0.00	0.04	6.792e+02
	1.000e+06	1.585e+06	0.04	0.08	6.292e+02
	1.000e+06	1.585e+06	0.08	0.12	5.518e+02
	1.000e+06	1.585e+06	0.12	0.16	4.712e+02
	1.000e+06	1.585e+06	0.16	0.20	4.270e+02
	1.000e+06	1.585e+06	0.20	0.24	4.072e+02
	1.000e+06	1.585e+06	0.24	0.28	3.628e+02
	1.000e+06	1.585e+06	0.28	0.32	3.353e+02
	1.000e+06	1.585e+06	0.32	0.36	3.052e+02
	1.000e+06	1.585e+06	0.36	0.40	2.524e+02
	1.000e+06	1.585e+06	0.40	0.44	2.474e+02
	1.000e+06	1.585e+06	0.44	0.48	2.137e+02
	1.000e+06	1.585e+06	0.48	0.52	1.653e+02
	1.000e+06	1.585e+06	0.52	0.56	1.592e+02
	1.000e+06	1.585e+06	0.56	0.60	1.350e+02
	1.000e+06	1.585e+06	0.60	0.64	1.168e+02
	1.000e+06	1.585e+06	0.64	0.68	9.421e+01
	1.000e+06	1.585e+06	0.68	0.72	8.814e+01
	1.000e+06	1.585e+06	0.72	0.76	7.844e+01
	1.000e+06	1.585e+06	0.76	0.80	6.172e+01
	1.000e+06	1.585e+06	0.80	0.84	4.800e+01
	1.000e+06	1.585e+06	0.84	0.88	3.105e+01
	1.000e+06	1.585e+06	0.88	0.92	1.913e+01
	1.000e+06	1.585e+06	0.92	0.96	1.062e+01
	1.000e+06	1.585e+06	0.96	1.00	3.984e+00
	1.585e+06	2.512e+06	-1.00	-0.96	8.886e+01
	1.585e+06	2.512e+06	-0.96	-0.92	1.014e+02
	1.585e+06	2.512e+06	-0.92	-0.88	1.043e+02
	1.585e+06	2.512e+06	-0.88	-0.84	1.073e+02
	1.585e+06	2.512e+06	-0.84	-0.80	1.150e+02
	1.585e+06	2.512e+06	-0.80	-0.76	1.144e+02
	1.585e+06	2.512e+06	-0.76	-0.72	1.212e+02
	1.585e+06	2.512e+06	-0.72	-0.68	1.318e+02
	1.585e+06	2.512e+06	-0.68	-0.64	1.436e+02
	1.585e+06	2.512e+06	-0.64	-0.60	1.585e+02
	1.585e+06	2.512e+06	-0.60	-0.56	1.645e+02
	1.585e+06	2.512e+06	-0.56	-0.52	1.810e+02
	1.585e+06	2.512e+06	-0.52	-0.48	2.006e+02
	1.585e+06	2.512e+06	-0.48	-0.44	2.181e+02
	1.585e+06	2.512e+06	-0.44	-0.40	2.346e+02
	1.585e+06	2.512e+06	-0.40	-0.36	2.611e+02
	1.585e+06	2.512e+06	-0.36	-0.32	2.906e+02
	1.585e+06	2.512e+06	-0.32	-0.28	3.289e+02
	1.585e+06	2.512e+06	-0.28	-0.24	3.797e+02
	1.585e+06	2.512e+06	-0.24	-0.20	4.120e+02
	1.585e+06	2.512e+06	-0.20	-0.16	4.882e+02
	1.585e+06	2.512e+06	-0.16	-0.12	5.940e+02
	1.585e+06	2.512e+06	-0.12	-0.08	7.595e+02
	1.585e+06	2.512e+06	-0.08	-0.04	9.261e+02
	1.585e+06	2.512e+06	-0.04	0.00	9.860e+02
	1.585e+06	2.512e+06	0.00	0.04	9.243e+02
	1.585e+06	2.512e+06	0.04	0.08	8.114e+02
	1.585e+06	2.512e+06	0.08	0.12	6.773e+02
	1.585e+06	2.512e+06	0.12	0.16	6.254e+02
	1.585e+06	2.512e+06	0.16	0.20	5.060e+02
	1.585e+06	2.512e+06	0.20	0.24	4.760e+02
	1.585e+06	2.512e+06	0.24	0.28	4.423e+02
	1.585e+06	2.512e+06	0.28	0.32	3.880e+02
	1.585e+06	2.512e+06	0.32	0.36	3.085e+02
	1.585e+06	2.512e+06	0.36	0.40	3.048e+02
	1.585e+06	2.512e+06	0.40	0.44	2.541e+02
	1.585e+06	2.512e+06	0.44	0.48	2.032e+02
	1.585e+06	2.512e+06	0.48	0.52	1.811e+02
	1.585e+06	2.512e+06	0.52	0.56	1.536e+02
	1.585e+06	2.512e+06	0.56	0.60	1.268e+02
	1.585e+06	2.512e+06	0.60	0.64	1.160e+02
	1.585e+06	2.512e+06	0.64	0.68	1.014e+02
	1.585e+06	2.512e+06	0.68	0.72	7.474e+01
	1.585e+06	2.512e+06	0.72	0.76	5.801e+01
	1.585e+06	2.512e+06	0.76	0.80	4.840e+01
	1.585e+06	2.512e+06	0.80	0.84	4.686e+01
	1.585e+06	2.512e+06	0.84	0.88	2.397e+01
	1.585e+06	2.512e+06	0.88	0.92	1.106e+01
	1.585e+06	2.512e+06	0.92	0.96	6.254e+00
	1.585e+06	2.512e+06	0.96	1.00	2.015e+00
	2.512e+06	3.981e+06	-1.00	-0.96	1.227e+02
	2.512e+06	3.981e+06	-0.96	-0.92	1.355e+02
	2.512e+06	3.981e+06	-0.92	-0.88	1.397e+02
	2.512e+06	3.981e+06	-0.88	-0.84	1.498e+02
	2.512e+06	3.981e+06	-0.84	-0.80	1.556e+02
	2.512e+06	3.981e+06	-0.80	-0.76	1.617e+02
	2.512e+06	3.981e+06	-0.76	-0.72	1.736e+02
	2.512e+06	3.981e+06	-0.72	-0.68	1.856e+02
	2.512e+06	3.981e+06	-0.68	-0.64	2.023e+02
	2.512e+06	3.981e+06	-0.64	-0.60	2.159e+02
	2.512e+06	3.981e+06	-0.60	-0.56	2.257e+02
	2.512e+06	3.981e+06	-0.56	-0.52	2.420e+02
	2.512e+06	3.981e+06	-0.52	-0.48	2.626e+02
	2.512e+06	3.981e+06	-0.48	-0.44	2.837e+02
	2.512e+06	3.981e+06	-0.44	-0.40	3.136e+02
	2.512e+06	3.981e+06	-0.40	-0.36	3.520e+02
	2.512e+06	3.981e+06	-0.36	-0.32	3.882e+02
	2.512e+06	3.981e+06	-0.32	-0.28	4.406e+02
	2.512e+06	3.981e+06	-0.28	-0.24	4.948e+02
	2.512e+06	3.981e+06	-0.24	-0.20	5.573e+02
	2.512e+06	3.981e+06	-0.20	-0.16	6.604e+02
	2.512e+06	3.981e+06	-0.16	-0.12	8.158e+02
	2.512e+06	3.981e+06	-0.12	-0.08	1.029e+03
	2.512e+06	3.981e+06	-0.08	-0.04	1.160e+03
	2.512e+06	3.981e+06	-0.04	0.00	1.205e+03
	2.512e+06	3.981e+06	0.00	0.04	1.157e+03
	2.512e+06	3.981e+06	0.04	0.08	1.057e+03
	2.512e+06	3.981e+06	0.08	0.12	8.489e+02
	2.512e+06	3.981e+06	0.12	0.16	7.099e+02
	2.512e+06	3.981e+06	0.16	0.20	6.267e+02
	2.512e+06	3.981e+06	0.20	0.24	5.511e+02
	2.512e+06	3.981e+06	0.24	0.28	4.681e+02
	2.512e+06	3.981e+06	0.28	0.32	3.673e+02
	2.512e+06	3.981e+06	0.32	0.36	3.644e+02
	2.512e+06	3.981e+06	0.36	0.40	3.365e+02
	2.512e+06	3.981e+06	0.40	0.44	2.566e+02
	2.512e+06	3.981e+06	0.44	0.48	1.775e+02
	2.512e+06	3.981e+06	0.48	0.52	1.425e+02
	2.512e+06	3.981e+06	0.52	0.56	1.413e+02
	2.512e+06	3.981e+06	0.56	0.60	1.069e+02
	2.512e+06	3.981e+06	0.60	0.64	8.397e+01
	2.512e+06	3.981e+06	0.64	0.68	6.583e+01
	2.512e+06	3.981e+06	0.68	0.72	5.508e+01
	2.512e+06	3.981e+06	0.72	0.76	4.939e+01
	2.512e+06	3.981e+06	0.76	0.80	3.145e+01
	2.512e+06	3.981e+06	0.80	0.84	3.042e+01
	2.512e+06	3.981e+06	0.84	0.88	1.323e+01
	2.512e+06	3.981e+06	0.88	0.92	3.437e+00
	2.512e+06	3.981e+06	0.92	0.96	4.265e+00
	2.512e+06	3.981e+06	0.96	1.00	1.648e+00
	3.981e+06	6.310e+06	-1.00	-0.96	1.620e+02
	3.981e+06	6.310e+06	-0.96	-0.92	1.729e+02
	3.981e+06	6.310e+06	-0.92	-0.88	1.772e+02
	3.981e+06	6.310e+06	-0.88	-0.84	1.887e+02
	3.981e+06	6.310e+06	-0.84	-0.80	2.060e+02
	3.981e+06	6.310e+06	-0.80	-0.76	2.127e+02
	3.981e+06	6.310e+06	-0.76	-0.72	2.237e+02
	3.981e+06	6.310e+06	-0.72	-0.68	2.357e+02
	3.981e+06	6.310e+06	-0.68	-0.64	2.621e+02
	3.981e+06	6.310e+06	-0.64	-0.60	2.779e+02
	3.981e+06	6.310e+06	-0.60	-0.56	3.004e+02
	3.981e+06	6.310e+06	-0.56	-0.52	3.253e+02
	3.981e+06	6.310e+06	-0.52	-0.48	3.436e+02
	3.981e+06	6.310e+06	-0.48	-0.44	3.787e+02
	3.981e+06	6.310e+06	-0.44	-0.40	4.109e+02
	3.981e+06	6.310e+06	-0.40	-0.36	4.439e+02
	3.981e+06	6.310e+06	-0.36	-0.32	4.992e+02
	3.981e+06	6.310e+06	-0.32	-0.28	5.588e+02
	3.981e+06	6.310e+06	-0.28	-0.24	6.488e+02
	3.981e+06	6.310e+06	-0.24	-0.20	7.277e+02
	3.981e+06	6.310e+06	-0.20	-0.16	8.614e+02
	3.981e+06	6.310e+06	-0.16	-0.12	1.031e+03
	3.981e+06	6.310e+06	-0.12	-0.08	1.239e+03
	3.981e+06	6.310e+06	-0.08	-0.04	1.632e+03
	3.981e+06	6.310e+06	-0.04	0.00	1.613e+03
	3.981e+06	6.310e+06	0.00	0.04	1.527e+03
	3.981e+06	6.310e+06	0.04	0.08	1.306e+03
	3.981e+06	6.310e+06	0.08	0.12	1.075e+03
	3.981e+06	6.310e+06	0.12	0.16	8.747e+02
	3.981e+06	6.310e+06	0.16	0.20	7.233e+02
	3.981e+06	6.310e+06	0.20	0.24	6.052e+02
	3.981e+06	6.310e+06	0.24	0.28	5.050e+02
	3.981e+06	6.310e+06	0.28	0.32	4.603e+02
	3.981e+06	6.310e+06	0.32	0.36	3.597e+02
	3.981e+06	6.310e+06	0.36	0.40	3.184e+02
	3.981e+06	6.310e+06	0.40	0.44	2.456e+02
	3.981e+06	6.310e+06	0.44	0.48	1.607e+02
	3.981e+06	6.310e+06	0.48	0.52	1.482e+02
	3.981e+06	6.310e+06	0.52	0.56	1.138e+02
	3.981e+06	6.310e+06	0.56	0.60	9.970e+01
	3.981e+06	6.310e+06	0.60	0.64	7.272e+01
	3.981e+06	6.310e+06	0.64	0.68	5.877e+01
	3.981e+06	6.310e+06	0.68	0.72	3.611e+01
	3.981e+06	6.310e+06	0.72	0.76	3.423e+01
	3.981e+06	6.310e+06	0.76	0.80	3.204e+01
	3.981e+06	6.310e+06	0.80	0.84	1.352e+01
	3.981e+06	6.310e+06	0.84	0.88	8.096e+00
	3.981e+06	6.310e+06	0.88	0.92	1.922e+00
	3.981e+06	6.310e+06	0.92	0.96	2.623e+00
	3.981e+06	6.310e+06	0.96	1.00	9.093e-01
	6.310e+06	1.000e+07	-1.00	-0.96	2.046e+02
	6.310e+06	1.000e+07	-0.96	-0.92	2.169e+02
	6.310e+06	1.000e+07	-0.92	-0.88	2.302e+02
	6.310e+06	1.000e+07	-0.88	-0.84	2.409e+02
	6.310e+06	1.000e+07	-0.84	-0.80	2.646e+02
	6.310e+06	1.000e+07	-0.80	-0.76	2.730e+02
	6.310e+06	1.000e+07	-0.76	-0.72	2.796e+02
	6.310e+06	1.000e+07	-0.72	-0.68	3.019e+02
	6.310e+06	1.000e+07	-0.68	-0.64	3.349e+02
	6.310e+06	1.000e+07	-0.64	-0.60	3.458e+02
	6.310e+06	1.000e+07	-0.60	-0.56	3.589e+02
	6.310e+06	1.000e+07	-0.56	-0.52	3.965e+02
	6.310e+06	1.000e+07	-0.52	-0.48	4.404e+02
	6.310e+06	1.000e+07	-0.48	-0.44	4.649e+02
	6.310e+06	1.000e+07	-0.44	-0.40	5.208e+02
	6.310e+06	1.000e+07	-0.40	-0.36	5.690e+02
	6.310e+06	1.000e+07	-0.36	-0.32	6.273e+02
	6.310e+06	1.000e+07	-0.32	-0.28	7.033e+02
	6.310e+06	1.000e+07	-0.28	-0.24	8.092e+02
	6.310e+06	1.000e+07	-0.24	-0.20	9.409e+02
	6.310e+06	1.000e+07	-0.20	-0.16	1.110e+03
	6.310e+06	1.000e+07	-0.16	-0.12	1.331e+03
	6.310e+06	1.000e+07	-0.12	-0.08	1.662e+03
	6.310e+06	1.000e+07	-0.08	-0.04	2.118e+03
	6.310e+06	1.000e+07	-0.04	0.00	2.087e+03
	6.310e+06	1.000e+07	0.00	0.04	1.931e+03
	6.310e+06	1.000e+07	0.04	0.08	1.660e+03
	6.310e+06	1.000e+07	0.08	0.12	1.249e+03
	6.310e+06	1.000e+07	0.12	0.16	1.028e+03
	6.310e+06	1.000e+07	0.16	0.20	7.874e+02
	6.310e+06	1.000e+07	0.20	0.24	6.669e+02
	6.310e+06	1.000e+07	0.24	0.28	5.836e+02
	6.310e+06	1.000e+07	0.28	0.32	4.484e+02
	6.310e+06	1.000e+07	0.32	0.36	3.671e+02
	6.310e+06	1.000e+07	0.36	0.40	2.727e+02
	6.310e+06	1.000e+07	0.40	0.44	2.229e+02
	6.310e+06	1.000e+07	0.44	0.48	1.563e+02
	6.310e+06	1.000e+07	0.48	0.52	1.012e+02
	6.310e+06	1.000e+07	0.52	0.56	7.427e+01
	6.310e+06	1.000e+07	0.56	0.60	4.956e+01
	6.310e+06	1.000e+07	0.60	0.64	4.028e+01
	6.310e+06	1.000e+07	0.64	0.68	3.036e+01
	6.310e+06	1.000e+07	0.68	0.72	2.295e+01
	6.310e+06	1.000e+07	0.72	0.76	1.871e+01
	6.310e+06	1.000e+07	0.76	0.80	1.737e+01
	6.310e+06	1.000e+07	0.80	0.84	8.161e+00
	6.310e+06	1.000e+07	0.84	0.88	4.310e+00
	6.310e+06	1.000e+07	0.88	0.92	1.042e+00
	6.310e+06	1.000e+07	0.92	0.96	3.093e-01
	6.310e+06	1.000e+07	0.96	1.00	4.117e-01
	1.000e+07	1.585e+07	-1.00	-0.96	2.478e+02
	1.000e+07	1.585e+07	-0.96	-0.92	2.707e+02
	1.000e+07	1.585e+07	-0.92	-0.88	2.757e+02
	1.000e+07	1.585e+07	-0.88	-0.84	2.998e+02
	1.000e+07	1.585e+07	-0.84	-0.80	3.135e+02
	1.000e+07	1.585e+07	-0.80	-0.76	3.382e+02
	1.000e+07	1.585e+07	-0.76	-0.72	3.549e+02
	1.000e+07	1.585e+07	-0.72	-0.68	3.802e+02
	1.000e+07	1.585e+07	-0.68	-0.64	4.066e+02
	1.000e+07	1.585e+07	-0.64	-0.60	4.480e+02
	1.000e+07	1.585e+07	-0.60	-0.56	4.660e+02
	1.000e+07	1.585e+07	-0.56	-0.52	5.246e+02
	1.000e+07	1.585e+07	-0.52	-0.48	5.354e+02
	1.000e+07	1.585e+07	-0.48	-0.44	5.795e+02
	1.000e+07	1.585e+07	-0.44	-0.40	6.248e+02
	1.000e+07	1.585e+07	-0.40	-0.36	7.077e+02
	1.000e+07	1.585e+07	-0.36	-0.32	7.906e+02
	1.000e+07	1.585e+07	-0.32	-0.28	8.853e+02
	1.000e+07	1.585e+07	-0.28	-0.24	1.014e+03
	1.000e+07	1.585e+07	-0.24	-0.20	1.152e+03
	1.000e+07	1.585e+07	-0.20	-0.16	1.378e+03
	1.000e+07	1.585e+07	-0.16	-0.12	1.668e+03
	1.000e+07	1.585e+07	-0.12	-0.08	2.078e+03
	1.000e+07	1.585e+07	-0.08	-0.04	2.717e+03
	1.000e+07	1.585e+07	-0.04	0.00	2.839e+03
	1.000e+07	1.585e+07	0.00	0.04	2.506e+03
	1.000e+07	1.585e+07	0.04	0.08	1.966e+03
	1.000e+07	1.585e+07	0.08	0.12	1.440e+03
	1.000e+07	1.585e+07	0.12	0.16	1.061e+03
	1.000e+07	1.585e+07	0.16	0.20	8.661e+02
	1.000e+07	1.585e+07	0.20	0.24	6.579e+02
	1.000e+07	1.585e+07	0.24	0.28	5.338e+02
	1.000e+07	1.585e+07	0.28	0.32	3.843e+02
	1.000e+07	1.585e+07	0.32	0.36	3.258e+02
	1.000e+07	1.585e+07	0.36	0.40	2.257e+02
	1.000e+07	1.585e+07	0.40	0.44	1.720e+02
	1.000e+07	1.585e+07	0.44	0.48	9.798e+01
	1.000e+07	1.585e+07	0.48	0.52	1.111e+02
	1.000e+07	1.585e+07	0.52	0.56	4.390e+01
	1.000e+07	1.585e+07	0.56	0.60	3.548e+01
	1.000e+07	1.585e+07	0.60	0.64	3.094e+01
	1.000e+07	1.585e+07	0.64	0.68	1.390e+01
	1.000e+07	1.585e+07	0.68	0.72	9.567e+00
	1.000e+07	1.585e+07	0.72	0.76	1.187e+01
	1.000e+07	1.585e+07	0.76	0.80	1.054e+01
	1.000e+07	1.585e+07	0.80	0.84	5.810e+00
	1.000e+07	1.585e+07	0.84	0.88	1.188e+00
	1.000e+07	1.585e+07	0.88	0.92	8.982e-03
	1.000e+07	1.585e+07	0.92	0.96	1.773e-01
	1.000e+07	1.585e+07	0.96	1.00	2.085e-01
	1.585e+07	2.512e+07	-1.00	-0.96	3.063e+02
	1.585e+07	2.512e+07	-0.96	-0.92	3.299e+02
	1.585e+07	2.512e+07	-0.92	-0.88	3.473e+02
	1.585e+07	2.512e+07	-0.88	-0.84	3.797e+02
	1.585e+07	2.512e+07	-0.84	-0.80	3.900e+02
	1.585e+07	2.512e+07	-0.80	-0.76	4.010e+02
	1.585e+07	2.512e+07	-0.76	-0.72	4.342e+02
	1.585e+07	2.512e+07	-0.72	-0.68	4.656e+02
	1.585e+07	2.512e+07	-0.68	-0.64	5.113e+02
	1.585e+07	2.512e+07	-0.64	-0.60	5.285e+02
	1.585e+07	2.512e+07	-0.60	-0.56	5.669e+02
	1.585e+07	2.512e+07	-0.56	-0.52	6.295e+02
	1.585e+07	2.512e+07	-0.52	-0.48	6.683e+02
	1.585e+07	2.512e+07	-0.48	-0.44	7.303e+02
	1.585e+07	2.512e+07	-0.44	-0.40	7.930e+02
	1.585e+07	2.512e+07	-0.40	-0.36	8.802e+02
	1.585e+07	2.512e+07	-0.36	-0.32	1.002e+03
	1.585e+07	2.512e+07	-0.32	-0.28	1.129e+03
	1.585e+07	2.512e+07	-0.28	-0.24	1.224e+03
	1.585e+07	2.512e+07	-0.24	-0.20	1.459e+03
	1.585e+07	2.512e+07	-0.20	-0.16	1.780e+03
	1.585e+07	2.512e+07	-0.16	-0.12	2.149e+03
	1.585e+07	2.512e+07	-0.12	-0.08	2.594e+03
	1.585e+07	2.512e+07	-0.08	-0.04	3.292e+03
	1.585e+07	2.512e+07	-0.04	0.00	3.611e+03
	1.585e+07	2.512e+07	0.00	0.04	3.053e+03
	1.585e+07	2.512e+07	0.04	0.08	2.333e+03
	1.585e+07	2.512e+07	0.08	0.12	1.658e+03
	1.585e+07	2.512e+07	0.12	0.16	1.182e+03
	1.585e+07	2.512e+07	0.16	0.20	8.244e+02
	1.585e+07	2.512e+07	0.20	0.24	6.101e+02
	1.585e+07	2.512e+07	0.24	0.28	4.945e+02
	1.585e+07	2.512e+07	0.28	0.32	3.832e+02
	1.585e+07	2.512e+07	0.32	0.36	2.794e+02
	1.585e+07	2.512e+07	0.36	0.40	1.710e+02
	1.585e+07	2.512e+07	0.40	0.44	1.099e+02
	1.585e+07	2.512e+07	0.44	0.48	9.304e+01
	1.585e+07	2.512e+07	0.48	0.52	6.406e+01
	1.585e+07	2.512e+07	0.52	0.56	4.080e+01
	1.585e+07	2.512e+07	0.56	0.60	2.087e+01
	1.585e+07	2.512e+07	0.60	0.64	2.089e+01
	1.585e+07	2.512e+07	0.64	0.68	1.821e+01
	1.585e+07	2.512e+07	0.68	0.72	8.729e+00
	1.585e+07	2.512e+07	0.72	0.76	4.740e+00
	1.585e+07	2.512e+07	0.76	0.80	3.194e+00
	1.585e+07	2.512e+07	0.80	0.84	1.070e+00
	1.585e+07	2.512e+07	0.84	0.88	7.871e-01
	1.585e+07	2.512e+07	0.88	0.92	4.679e-01
	1.585e+07	2.512e+07	0.92	0.96	2.152e-01
	1.585e+07	2.512e+07	0.96	1.00	4.940e-01
	2.512e+07	3.981e+07	-1.00	-0.96	3.676e+02
	2.512e+07	3.981e+07	-0.96	-0.92	3.954e+02
	2.512e+07	3.981e+07	-0.92	-0.88	4.078e+02
	2.512e+07	3.981e+07	-0.88	-0.84	4.318e+02
	2.512e+07	3.981e+07	-0.84	-0.80	4.725e+02
	2.512e+07	3.981e+07	-0.80	-0.76	4.969e+02
	2.512e+07	3.981e+07	-0.76	-0.72	5.313e+02
	2.512e+07	3.981e+07	-0.72	-0.68	5.594e+02
	2.512e+07	3.981e+07	-0.68	-0.64	5.840e+02
	2.512e+07	3.981e+07	-0.64	-0.60	6.620e+02
	2.512e+07	3.981e+07	-0.60	-0.56	6.969e+02
	2.512e+07	3.981e+07	-0.56	-0.52	7.501e+02
	2.512e+07	3.981e+07	-0.52	-0.48	8.168e+02
	2.512e+07	3.981e+07	-0.48	-0.44	8.631e+02
	2.512e+07	3.981e+07	-0.44	-0.40	9.549e+02
	2.512e+07	3.981e+07	-0.40	-0.36	1.055e+03
	2.512e+07	3.981e+07	-0.36	-0.32	1.182e+03
	2.512e+07	3.981e+07	-0.32	-0.28	1.324e+03
	2.512e+07	3.981e+07	-0.28	-0.24	1.547e+03
	2.512e+07	3.981e+07	-0.24	-0.20	1.783e+03
	2.512e+07	3.981e+07	-0.20	-0.16	2.124e+03
	2.512e+07	3.981e+07	-0.16	-0.12	2.643e+03
	2.512e+07	3.981e+07	-0.12	-0.08	3.326e+03
	2.512e+07	3.981e+07	-0.08	-0.04	4.191e+03
	2.512e+07	3.981e+07	-0.04	0.00	4.447e+03
	2.512e+07	3.981e+07	0.00	0.04	3.999e+03
	2.512e+07	3.981e+07	0.04	0.08	2.801e+03
	2.512e+07	3.981e+07	0.08	0.12	1.896e+03
	2.512e+07	3.981e+07	0.12	0.16	1.121e+03
	2.512e+07	3.981e+07	0.16	0.20	9.361e+02
	2.512e+07	3.981e+07	0.20	0.24	7.232e+02
	2.512e+07	3.981e+07	0.24	0.28	5.016e+02
	2.512e+07	3.981e+07	0.28	0.32	2.776e+02
	2.512e+07	3.981e+07	0.32	0.36	2.330e+02
	2.512e+07	3.981e+07	0.36	0.40	1.287e+02
	2.512e+07	3.981e+07	0.40	0.44	8.843e+01
	2.512e+07	3.981e+07	0.44	0.48	6.663e+01
	2.512e+07	3.981e+07	0.48	0.52	4.471e+01
	2.512e+07	3.981e+07	0.52	0.56	2.415e+01
	2.512e+07	3.981e+07	0.56	0.60	1.793e+01
	2.512e+07	3.981e+07	0.60	0.64	9.868e+00
	2.512e+07	3.981e+07	0.64	0.68	1.535e+01
	2.512e+07	3.981e+07	0.68	0.72	8.077e+00
	2.512e+07	3.981e+07	0.72	0.76	8.310e-01
	2.512e+07	3.981e+07	0.76	0.80	1.295e+00
	2.512e+07	3.981e+07	0.80	0.84	3.848e+00
	2.512e+07	3.981e+07	0.84	0.88	1.209e+00
	2.512e+07	3.981e+07	0.88	0.92	1.410e+00
	2.512e+07	3.981e+07	0.92	0.96	1.153e-01
	2.512e+07	3.981e+07	0.96	1.00	0.000e+00
	3.981e+07	6.310e+07	-1.00	-0.96	4.555e+02
	3.981e+07	6.310e+07	-0.96	-0.92	4.848e+02
	3.981e+07	6.310e+07	-0.92	-0.88	4.966e+02
	3.981e+07	6.310e+07	-0.88	-0.84	5.125e+02
	3.981e+07	6.310e+07	-0.84	-0.80	5.360e+02
	3.981e+07	6.310e+07	-0.80	-0.76	6.015e+02
	3.981e+07	6.310e+07	-0.76	-0.72	6.266e+02
	3.981e+07	6.310e+07	-0.72	-0.68	6.749e+02
	3.981e+07	6.310e+07	-0.68	-0.64	7.096e+02
	3.981e+07	6.310e+07	-0.64	-0.60	7.676e+02
	3.981e+07	6.310e+07	-0.60	-0.56	8.322e+02
	3.981e+07	6.310e+07	-0.56	-0.52	9.030e+02
	3.981e+07	6.310e+07	-0.52	-0.48	9.978e+02
	3.981e+07	6.310e+07	-0.48	-0.44	1.067e+03
	3.981e+07	6.310e+07	-0.44	-0.40	1.146e+03
	3.981e+07	6.310e+07	-0.40	-0.36	1.289e+03
	3.981e+07	6.310e+07	-0.36	-0.32	1.454e+03
	3.981e+07	6.310e+07	-0.32	-0.28	1.606e+03
	3.981e+07	6.310e+07	-0.28	-0.24	1.884e+03
	3.981e+07	6.310e+07	-0.24	-0.20	2.224e+03
	3.981e+07	6.310e+07	-0.20	-0.16	2.587e+03
	3.981e+07	6.310e+07	-0.16	-0.12	3.291e+03
	3.981e+07	6.310e+07	-0.12	-0.08	4.219e+03
	3.981e+07	6.310e+07	-0.08	-0.04	5.211e+03
	3.981e+07	6.310e+07	-0.04	0.00	5.788e+03
	3.981e+07	6.310e+07	0.00	0.04	4.923e+03
	3.981e+07	6.310e+07	0.04	0.08	3.164e+03
	3.981e+07	6.310e+07	0.08	0.12	1.887e+03
	3.981e+07	6.310e+07	0.12	0.16	1.170e+03
	3.981e+07	6.310e+07	0.16	0.20	8.195e+02
	3.981e+07	6.310e+07	0.20	0.24	5.055e+02
	3.981e+07	6.310e+07	0.24	0.28	4.104e+02
	3.981e+07	6.310e+07	0.28	0.32	2.287e+02
	3.981e+07	6.310e+07	0.32	0.36	1.093e+02
	3.981e+07	6.310e+07	0.36	0.40	1.213e+02
	3.981e+07	6.310e+07	0.40	0.44	5.725e+01
	3.981e+07	6.310e+07	0.44	0.48	4.207e+01
	3.981e+07	6.310e+07	0.48	0.52	2.243e+01
	3.981e+07	6.310e+07	0.52	0.56	1.943e+01
	3.981e+07	6.310e+07	0.56	0.60	9.950e+00
	3.981e+07	6.310e+07	0.60	0.64	5.304e+00
	3.981e+07	6.310e+07	0.64	0.68	3.314e+00
	3.981e+07	6.310e+07	0.68	0.72	5.086e+00
	3.981e+07	6.310e+07	0.72	0.76	2.565e+00
	3.981e+07	6.310e+07	0.76	0.80	3.535e+00
	3.981e+07	6.310e+07	0.80	0.84	3.168e+00
	3.981e+07	6.310e+07	0.84	0.88	4.339e-01
	3.981e+07	6.310e+07	0.88	0.92	0.000e+00
	3.981e+07	6.310e+07	0.92	0.96	1.741e-02
	3.981e+07	6.310e+07	0.96	1.00	3.002e-01
	6.310e+07	1.000e+08	-1.00	-0.96	5.246e+02
	6.310e+07	1.000e+08	-0.96	-0.92	5.522e+02
	6.310e+07	1.000e+08	-0.92	-0.88	5.674e+02
	6.310e+07	1.000e+08	-0.88	-0.84	6.124e+02
	6.310e+07	1.000e+08	-0.84	-0.80	6.594e+02
	6.310e+07	1.000e+08	-0.80	-0.76	6.820e+02
	6.310e+07	1.000e+08	-0.76	-0.72	7.496e+02
	6.310e+07	1.000e+08	-0.72	-0.68	8.141e+02
	6.310e+07	1.000e+08	-0.68	-0.64	8.731e+02
	6.310e+07	1.000e+08	-0.64	-0.60	9.286e+02
	6.310e+07	1.000e+08	-0.60	-0.56	1.005e+03
	6.310e+07	1.000e+08	-0.56	-0.52	1.061e+03
	6.310e+07	1.000e+08	-0.52	-0.48	1.161e+03
	6.310e+07	1.000e+08	-0.48	-0.44	1.274e+03
	6.310e+07	1.000e+08	-0.44	-0.40	1.410e+03
	6.310e+07	1.000e+08	-0.40	-0.36	1.539e+03
	6.310e+07	1.000e+08	-0.36	-0.32	1.776e+03
	6.310e+07	1.000e+08	-0.32	-0.28	1.970e+03
	6.310e+07	1.000e+08	-0.28	-0.24	2.222e+03
	6.310e+07	1.000e+08	-0.24	-0.20	2.678e+03
	6.310e+07	1.000e+08	-0.20	-0.16	3.090e+03
	6.310e+07	1.000e+08	-0.16	-0.12	3.939e+03
	6.310e+07	1.000e+08	-0.12	-0.08	5.135e+03
	6.310e+07	1.000e+08	-0.08	-0.04	6.661e+03
	6.310e+07	1.000e+08	-0.04	0.00	6.866e+03
	6.310e+07	1.000e+08	0.00	0.04	5.688e+03
	6.310e+07	1.000e+08	0.04	0.08	3.518e+03
	6.310e+07	1.000e+08	0.08	0.12	2.192e+03
	6.310e+07	1.000e+08	0.12	0.16	1.214e+03
	6.310e+07	1.000e+08	0.16	0.20	7.648e+02
	6.310e+07	1.000e+08	0.20	0.24	4.334e+02
	6.310e+07	1.000e+08	0.24	0.28	2.736e+02
	6.310e+07	1.000e+08	0.28	0.32	1.563e+02
	6.310e+07	1.000e+08	0.32	0.36	9.585e+01
	6.310e+07	1.000e+08	0.36	0.40	5.077e+01
	6.310e+07	1.000e+08	0.40	0.44	4.547e+01
	6.310e+07	1.000e+08	0.44	0.48	2.002e+01
	6.310e+07	1.000e+08	0.48	0.52	1.594e+01
	6.310e+07	1.000e+08	0.52	0.56	6.564e+00
	6.310e+07	1.000e+08	0.56	0.60	3.389e+00
	6.310e+07	1.000e+08	0.60	0.64	4.732e+00
	6.310e+07	1.000e+08	0.64	0.68	5.159e+00
	6.310e+07	1.000e+08	0.68	0.72	6.016e-01
	6.310e+07	1.000e+08	0.72	0.76	1.852e-01
	6.310e+07	1.000e+08	0.76	0.80	1.292e+00
	6.310e+07	1.000e+08	0.80	0.84	1.112e-01
	6.310e+07	1.000e+08	0.84	0.88	4.671e-01
	6.310e+07	1.000e+08	0.88	0.92	4.169e-01
	6.310e+07	1.000e+08	0.92	0.96	0.000e+00
	6.310e+07	1.000e+08	0.96	1.00	1.410e-01
	1.000e+08	1.585e+08	-1.00	-0.96	6.347e+02
	1.000e+08	1.585e+08	-0.96	-0.92	6.791e+02
	1.000e+08	1.585e+08	-0.92	-0.88	6.751e+02
	1.000e+08	1.585e+08	-0.88	-0.84	7.035e+02
	1.000e+08	1.585e+08	-0.84	-0.80	7.472e+02
	1.000e+08	1.585e+08	-0.80	-0.76	8.231e+02
	1.000e+08	1.585e+08	-0.76	-0.72	8.859e+02
	1.000e+08	1.585e+08	-0.72	-0.68	9.436e+02
	1.000e+08	1.585e+08	-0.68	-0.64	1.019e+03
	1.000e+08	1.585e+08	-0.64	-0.60	1.105e+03
	1.000e+08	1.585e+08	-0.60	-0.56	1.205e+03
	1.000e+08	1.585e+08	-0.56	-0.52	1.313e+03
	1.000e+08	1.585e+08	-0.52	-0.48	1.395e+03
	1.000e+08	1.585e+08	-0.48	-0.44	1.549e+03
	1.000e+08	1.585e+08	-0.44	-0.40	1.664e+03
	1.000e+08	1.585e+08	-0.40	-0.36	1.798e+03
	1.000e+08	1.585e+08	-0.36	-0.32	2.088e+03
	1.000e+08	1.585e+08	-0.32	-0.28	2.353e+03
	1.000e+08	1.585e+08	-0.28	-0.24	2.724e+03
	1.000e+08	1.585e+08	-0.24	-0.20	3.216e+03
	1.000e+08	1.585e+08	-0.20	-0.16	3.814e+03
	1.000e+08	1.585e+08	-0.16	-0.12	4.798e+03
	1.000e+08	1.585e+08	-0.12	-0.08	6.267e+03
	1.000e+08	1.585e+08	-0.08	-0.04	8.064e+03
	1.000e+08	1.585e+08	-0.04	0.00	8.233e+03
	1.000e+08	1.585e+08	0.00	0.04	6.799e+03
	1.000e+08	1.585e+08	0.04	0.08	4.167e+03
	1.000e+08	1.585e+08	0.08	0.12	2.107e+03
	1.000e+08	1.585e+08	0.12	0.16	1.022e+03
	1.000e+08	1.585e+08	0.16	0.20	6.517e+02
	1.000e+08	1.585e+08	0.20	0.24	3.393e+02
	1.000e+08	1.585e+08	0.24	0.28	1.883e+02
	1.000e+08	1.585e+08	0.28	0.32	1.147e+02
	1.000e+08	1.585e+08	0.32	0.36	8.295e+01
	1.000e+08	1.585e+08	0.36	0.40	4.509e+01
	1.000e+08	1.585e+08	0.40	0.44	2.836e+01
	1.000e+08	1.585e+08	0.44	0.48	2.315e+01
	1.000e+08	1.585e+08	0.48	0.52	4.228e+00
	1.000e+08	1.585e+08	0.52	0.56	2.210e+00
	1.000e+08	1.585e+08	0.56	0.60	9.588e-01
	1.000e+08	1.585e+08	0.60	0.64	3.728e+00
	1.000e+08	1.585e+08	0.64	0.68	9.374e-01
	1.000e+08	1.585e+08	0.68	0.72	1.288e+00
	1.000e+08	1.585e+08	0.72	0.76	5.677e-01
	1.000e+08	1.585e+08	0.76	0.80	0.000e+00
	1.000e+08	1.585e+08	0.80	0.84	0.000e+00
	1.000e+08	1.585e+08	0.84	0.88	0.000e+00
	1.000e+08	1.585e+08	0.88	0.92	0.000e+00
	1.000e+08	1.585e+08	0.92	0.96	0.000e+00
	1.000e+08	1.585e+08	0.96	1.00	0.000e+00
	1.585e+08	2.512e+08	-1.00	-0.96	7.264e+02
	1.585e+08	2.512e+08	-0.96	-0.92	7.513e+02
	1.585e+08	2.512e+08	-0.92	-0.88	7.991e+02
	1.585e+08	2.512e+08	-0.88	-0.84	8.241e+02
	1.585e+08	2.512e+08	-0.84	-0.80	9.022e+02
	1.585e+08	2.512e+08	-0.80	-0.76	9.434e+02
	1.585e+08	2.512e+08	-0.76	-0.72	1.050e+03
	1.585e+08	2.512e+08	-0.72	-0.68	1.070e+03
	1.585e+08	2.512e+08	-0.68	-0.64	1.188e+03
	1.585e+08	2.512e+08	-0.64	-0.60	1.313e+03
	1.585e+08	2.512e+08	-0.60	-0.56	1.356e+03
	1.585e+08	2.512e+08	-0.56	-0.52	1.548e+03
	1.585e+08	2.512e+08	-0.52	-0.48	1.653e+03
	1.585e+08	2.512e+08	-0.48	-0.44	1.788e+03
	1.585e+08	2.512e+08	-0.44	-0.40	1.977e+03
	1.585e+08	2.512e+08	-0.40	-0.36	2.199e+03
	1.585e+08	2.512e+08	-0.36	-0.32	2.461e+03
	1.585e+08	2.512e+08	-0.32	-0.28	2.822e+03
	1.585e+08	2.512e+08	-0.28	-0.24	3.283e+03
	1.585e+08	2.512e+08	-0.24	-0.20	3.850e+03
	1.585e+08	2.512e+08	-0.20	-0.16	4.593e+03
	1.585e+08	2.512e+08	-0.16	-0.12	5.691e+03
	1.585e+08	2.512e+08	-0.12	-0.08	7.636e+03
	1.585e+08	2.512e+08	-0.08	-0.04	1.011e+04
	1.585e+08	2.512e+08	-0.04	0.00	1.075e+04
	1.585e+08	2.512e+08	0.00	0.04	8.113e+03
	1.585e+08	2.512e+08	0.04	0.08	4.402e+03
	1.585e+08	2.512e+08	0.08	0.12	2.102e+03
	1.585e+08	2.512e+08	0.12	0.16	1.066e+03
	1.585e+08	2.512e+08	0.16	0.20	4.952e+02
	1.585e+08	2.512e+08	0.20	0.24	2.992e+02
	1.585e+08	2.512e+08	0.24	0.28	1.270e+02
	1.585e+08	2.512e+08	0.28	0.32	6.382e+01
	1.585e+08	2.512e+08	0.32	0.36	2.768e+01
	1.585e+08	2.512e+08	0.36	0.40	1.809e+01
	1.585e+08	2.512e+08	0.40	0.44	1.164e+01
	1.585e+08	2.512e+08	0.44	0.48	6.280e-01
	1.585e+08	2.512e+08	0.48	0.52	3.512e+00
	1.585e+08	2.512e+08	0.52	0.56	4.606e+00
	1.585e+08	2.512e+08	0.56	0.60	5.724e+00
	1.585e+08	2.512e+08	0.60	0.64	2.452e-01
	1.585e+08	2.512e+08	0.64	0.68	0.000e+00
	1.585e+08	2.512e+08	0.68	0.72	0.000e+00
	1.585e+08	2.512e+08	0.72	0.76	0.000e+00
	1.585e+08	2.512e+08	0.76	0.80	0.000e+00
	1.585e+08	2.512e+08	0.80	0.84	3.391e-02
	1.585e+08	2.512e+08	0.84	0.88	1.846e-01
	1.585e+08	2.512e+08	0.88	0.92	2.994e-02
	1.585e+08	2.512e+08	0.92	0.96	1.047e-01
	1.585e+08	2.512e+08	0.96	1.00	0.000e+00
	2.512e+08	3.981e+08	-1.00	-0.96	8.653e+02
	2.512e+08	3.981e+08	-0.96	-0.92	9.118e+02
	2.512e+08	3.981e+08	-0.92	-0.88	9.090e+02
	2.512e+08	3.981e+08	-0.88	-0.84	9.618e+02
	2.512e+08	3.981e+08	-0.84	-0.80	1.028e+03
	2.512e+08	3.981e+08	-0.80	-0.76	1.081e+03
	2.512e+08	3.981e+08	-0.76	-0.72	1.158e+03
	2.512e+08	3.981e+08	-0.72	-0.68	1.303e+03
	2.512e+08	3.981e+08	-0.68	-0.64	1.411e+03
	2.512e+08	3.981e+08	-0.64	-0.60	1.499e+03
	2.512e+08	3.981e+08	-0.60	-0.56	1.640e+03
	2.512e+08	3.981e+08	-0.56	-0.52	1.799e+03
	2.512e+08	3.981e+08	-0.52	-0.48	1.953e+03
	2.512e+08	3.981e+08	-0.48	-0.44	2.166e+03
	2.512e+08	3.981e+08	-0.44	-0.40	2.352e+03
	2.512e+08	3.981e+08	-0.40	-0.36	2.596e+03
	2.512e+08	3.981e+08	-0.36	-0.32	2.943e+03
	2.512e+08	3.981e+08	-0.32	-0.28	3.306e+03
	2.512e+08	3.981e+08	-0.28	-0.24	3.790e+03
	2.512e+08	3.981e+08	-0.24	-0.20	4.442e+03
	2.512e+08	3.981e+08	-0.20	-0.16	5.403e+03
	2.512e+08	3.981e+08	-0.16	-0.12	6.965e+03
	2.512e+08	3.981e+08	-0.12	-0.08	9.357e+03
	2.512e+08	3.981e+08	-0.08	-0.04	1.242e+04
	2.512e+08	3.981e+08	-0.04	0.00	1.345e+04
	2.512e+08	3.981e+08	0.00	0.04	9.849e+03
	2.512e+08	3.981e+08	0.04	0.08	4.480e+03
	2.512e+08	3.981e+08	0.08	0.12	1.716e+03
	2.512e+08	3.981e+08	0.12	0.16	9.195e+02
	2.512e+08	3.981e+08	0.16	0.20	3.791e+02
	2.512e+08	3.981e+08	0.20	0.24	1.182e+02
	2.512e+08	3.981e+08	0.24	0.28	9.494e+01
	2.512e+08	3.981e+08	0.28	0.32	5.550e+01
	2.512e+08	3.981e+08	0.32	0.36	2.087e+01
	2.512e+08	3.981e+08	0.36	0.40	1.128e+01
	2.512e+08	3.981e+08	0.40	0.44	1.500e+01
	2.512e+08	3.981e+08	0.44	0.48	1.265e+00
	2.512e+08	3.981e+08	0.48	0.52	1.290e+00
	2.512e+08	3.981e+08	0.52	0.56	3.332e+00
	2.512e+08	3.981e+08	0.56	0.60	1.060e+00
	2.512e+08	3.981e+08	0.60	0.64	2.445e-02
	2.512e+08	3.981e+08	0.64	0.68	0.000e+00
	2.512e+08	3.981e+08	0.68	0.72	7.037e-02
	2.512e+08	3.981e+08	0.72	0.76	9.960e-01
	2.512e+08	3.981e+08	0.76	0.80	0.000e+00
	2.512e+08	3.981e+08	0.80	0.84	1.753e+00
	2.512e+08	3.981e+08	0.84	0.88	0.000e+00
	2.512e+08	3.981e+08	0.88	0.92	3.053e-01
	2.512e+08	3.981e+08	0.92	0.96	0.000e+00
	2.512e+08	3.981e+08	0.96	1.00	0.000e+00
	3.981e+08	6.310e+08	-1.00	-0.96	1.032e+03
	3.981e+08	6.310e+08	-0.96	-0.92	1.055e+03
	3.981e+08	6.310e+08	-0.92	-0.88	1.066e+03
	3.981e+08	6.310e+08	-0.88	-0.84	1.117e+03
	3.981e+08	6.310e+08	-0.84	-0.80	1.162e+03
	3.981e+08	6.310e+08	-0.80	-0.76	1.236e+03
	3.981e+08	6.310e+08	-0.76	-0.72	1.378e+03
	3.981e+08	6.310e+08	-0.72	-0.68	1.471e+03
	3.981e+08	6.310e+08	-0.68	-0.64	1.679e+03
	3.981e+08	6.310e+08	-0.64	-0.60	1.808e+03
	3.981e+08	6.310e+08	-0.60	-0.56	1.958e+03
	3.981e+08	6.310e+08	-0.56	-0.52	2.069e+03
	3.981e+08	6.310e+08	-0.52	-0.48	2.374e+03
	3.981e+08	6.310e+08	-0.48	-0.44	2.561e+03
	3.981e+08	6.310e+08	-0.44	-0.40	2.798e+03
	3.981e+08	6.310e+08	-0.40	-0.36	3.077e+03
	3.981e+08	6.310e+08	-0.36	-0.32	3.422e+03
	3.981e+08	6.310e+08	-0.32	-0.28	3.976e+03
	3.981e+08	6.310e+08	-0.28	-0.24	4.486e+03
	3.981e+08	6.310e+08	-0.24	-0.20	5.370e+03
	3.981e+08	6.310e+08	-0.20	-0.16	6.499e+03
	3.981e+08	6.310e+08	-0.16	-0.12	8.357e+03
	3.981e+08	6.310e+08	-0.12	-0.08	1.140e+04
	3.981e+08	6.310e+08	-0.08	-0.04	1.479e+04
	3.981e+08	6.310e+08	-0.04	0.00	1.605e+04
	3.981e+08	6.310e+08	0.00	0.04	1.124e+04
	3.981e+08	6.310e+08	0.04	0.08	4.847e+03
	3.981e+08	6.310e+08	0.08	0.12	1.631e+03
	3.981e+08	6.310e+08	0.12	0.16	5.609e+02
	3.981e+08	6.310e+08	0.16	0.20	2.488e+02
	3.981e+08	6.310e+08	0.20	0.24	1.090e+02
	3.981e+08	6.310e+08	0.24	0.28	3.885e+01
	3.981e+08	6.310e+08	0.28	0.32	2.052e+01
	3.981e+08	6.310e+08	0.32	0.36	6.340e+00
	3.981e+08	6.310e+08	0.36	0.40	5.231e+00
	3.981e+08	6.310e+08	0.40	0.44	0.000e+00
	3.981e+08	6.310e+08	0.44	0.48	3.479e+00
	3.981e+08	6.310e+08	0.48	0.52	1.734e+00
	3.981e+08	6.310e+08	0.52	0.56	0.000e+00
	3.981e+08	6.310e+08	0.56	0.60	1.667e+00
	3.981e+08	6.310e+08	0.60	0.64	0.000e+00
	3.981e+08	6.310e+08	0.64	0.68	2.804e+00
	3.981e+08	6.310e+08	0.68	0.72	0.000e+00
	3.981e+08	6.310e+08	0.72	0.76	0.000e+00
	3.981e+08	6.310e+08	0.76	0.80	7.654e-01
	3.981e+08	6.310e+08	0.80	0.84	0.000e+00
	3.981e+08	6.310e+08	0.84	0.88	0.000e+00
	3.981e+08	6.310e+08	0.88	0.92	0.000e+00
	3.981e+08	6.310e+08	0.92	0.96	0.000e+00
	3.981e+08	6.310e+08	0.96	1.00	0.000e+00
	6.310e+08	1.000e+09	-1.00	-0.96	1.250e+03
	6.310e+08	1.000e+09	-0.96	-0.92	1.254e+03
	6.310e+08	1.000e+09	-0.92	-0.88	1.279e+03
	6.310e+08	1.000e+09	-0.88	-0.84	1.283e+03
	6.310e+08	1.000e+09	-0.84	-0.80	1.397e+03
	6.310e+08	1.000e+09	-0.80	-0.76	1.442e+03
	6.310e+08	1.000e+09	-0.76	-0.72	1.596e+03
	6.310e+08	1.000e+09	-0.72	-0.68	1.695e+03
	6.310e+08	1.000e+09	-0.68	-0.64	1.926e+03
	6.310e+08	1.000e+09	-0.64	-0.60	2.062e+03
	6.310e+08	1.000e+09	-0.60	-0.56	2.209e+03
	6.310e+08	1.000e+09	-0.56	-0.52	2.555e+03
	6.310e+08	1.000e+09	-0.52	-0.48	2.768e+03
	6.310e+08	1.000e+09	-0.48	-0.44	2.915e+03
	6.310e+08	1.000e+09	-0.44	-0.40	3.201e+03
	6.310e+08	1.000e+09	-0.40	-0.36	3.725e+03
	6.310e+08	1.000e+09	-0.36	-0.32	4.141e+03
	6.310e+08	1.000e+09	-0.32	-0.28	4.623e+03
	6.310e+08	1.000e+09	-0.28	-0.24	5.271e+03
	6.310e+08	1.000e+09	-0.24	-0.20	6.352e+03
	6.310e+08	1.000e+09	-0.20	-0.16	7.744e+03
	6.310e+08	1.000e+09	-0.16	-0.12	9.695e+03
	6.310e+08	1.000e+09	-0.12	-0.08	1.351e+04
	6.310e+08	1.000e+09	-0.08	-0.04	1.806e+04
	6.310e+08	1.000e+09	-0.04	0.00	1.992e+04
	6.310e+08	1.000e+09	0.00	0.04	1.345e+04
	6.310e+08	1.000e+09	0.04	0.08	4.528e+03
	6.310e+08	1.000e+09	0.08	0.12	1.316e+03
	6.310e+08	1.000e+09	0.12	0.16	2.828e+02
	6.310e+08	1.000e+09	0.16	0.20	1.130e+02
	6.310e+08	1.000e+09	0.20	0.24	4.094e+01
	6.310e+08	1.000e+09	0.24	0.28	2.803e+01
	6.310e+08	1.000e+09	0.28	0.32	2.235e+01
	6.310e+08	1.000e+09	0.32	0.36	7.921e+00
	6.310e+08	1.000e+09	0.36	0.40	0.000e+00
	6.310e+08	1.000e+09	0.40	0.44	2.922e+00
	6.310e+08	1.000e+09	0.44	0.48	8.771e-01
	6.310e+08	1.000e+09	0.48	0.52	0.000e+00
	6.310e+08	1.000e+09	0.52	0.56	0.000e+00
	6.310e+08	1.000e+09	0.56	0.60	0.000e+00
	6.310e+08	1.000e+09	0.60	0.64	0.000e+00
	6.310e+08	1.000e+09	0.64	0.68	1.710e-01
	6.310e+08	1.000e+09	0.68	0.72	0.000e+00
	6.310e+08	1.000e+09	0.72	0.76	0.000e+00
	6.310e+08	1.000e+09	0.76	0.80	4.009e-01
	6.310e+08	1.000e+09	0.80	0.84	3.505e-01
	6.310e+08	1.000e+09	0.84	0.88	0.000e+00
	6.310e+08	1.000e+09	0.88	0.92	0.000e+00
	6.310e+08	1.000e+09	0.92	0.96	0.000e+00
	6.310e+08	1.000e+09	0.96	1.00	0.000e+00
	1.000e+09	1.585e+09	-1.00	-0.96	0.000e+00
	1.000e+09	1.585e+09	-0.96	-0.92	0.000e+00
	1.000e+09	1.585e+09	-0.92	-0.88	0.000e+00
	1.000e+09	1.585e+09	-0.88	-0.84	0.000e+00
	1.000e+09	1.585e+09	-0.84	-0.80	0.000e+00
	1.000e+09	1.585e+09	-0.80	-0.76	0.000e+00
	1.000e+09	1.585e+09	-0.76	-0.72	0.000e+00
	1.000e+09	1.585e+09	-0.72	-0.68	0.000e+00
	1.000e+09	1.585e+09	-0.68	-0.64	0.000e+00
	1.000e+09	1.585e+09	-0.64	-0.60	0.000e+00
	1.000e+09	1.585e+09	-0.60	-0.56	0.000e+00
	1.000e+09	1.585e+09	-0.56	-0.52	0.000e+00
	1.000e+09	1.585e+09	-0.52	-0.48	0.000e+00
	1.000e+09	1.585e+09	-0.48	-0.44	0.000e+00
	1.000e+09	1.585e+09	-0.44	-0.40	0.000e+00
	1.000e+09	1.585e+09	-0.40	-0.36	0.000e+00
	1.000e+09	1.585e+09	-0.36	-0.32	0.000e+00
	1.000e+09	1.585e+09	-0.32	-0.28	0.000e+00
	1.000e+09	1.585e+09	-0.28	-0.24	0.000e+00
	1.000e+09	1.585e+09	-0.24	-0.20	0.000e+00
	1.000e+09	1.585e+09	-0.20	-0.16	0.000e+00
	1.000e+09	1.585e+09	-0.16	-0.12	0.000e+00
	1.000e+09	1.585e+09	-0.12	-0.08	0.000e+00
	1.000e+09	1.585e+09	-0.08	-0.04	0.000e+00
	1.000e+09	1.585e+09	-0.04	0.00	0.000e+00
	1.000e+09	1.585e+09	0.00	0.04	0.000e+00
	1.000e+09	1.585e+09	0.04	0.08	0.000e+00
	1.000e+09	1.585e+09	0.08	0.12	0.000e+00
	1.000e+09	1.585e+09	0.12	0.16	0.000e+00
	1.000e+09	1.585e+09	0.16	0.20	0.000e+00
	1.000e+09	1.585e+09	0.20	0.24	0.000e+00
	1.000e+09	1.585e+09	0.24	0.28	0.000e+00
	1.000e+09	1.585e+09	0.28	0.32	0.000e+00
	1.000e+09	1.585e+09	0.32	0.36	0.000e+00
	1.000e+09	1.585e+09	0.36	0.40	0.000e+00
	1.000e+09	1.585e+09	0.40	0.44	0.000e+00
	1.000e+09	1.585e+09	0.44	0.48	0.000e+00
	1.000e+09	1.585e+09	0.48	0.52	0.000e+00
	1.000e+09	1.585e+09	0.52	0.56	0.000e+00
	1.000e+09	1.585e+09	0.56	0.60	0.000e+00
	1.000e+09	1.585e+09	0.60	0.64	0.000e+00
	1.000e+09	1.585e+09	0.64	0.68	0.000e+00
	1.000e+09	1.585e+09	0.68	0.72	0.000e+00
	1.000e+09	1.585e+09	0.72	0.76	0.000e+00
	1.000e+09	1.585e+09	0.76	0.80	0.000e+00
	1.000e+09	1.585e+09	0.80	0.84	0.000e+00
	1.000e+09	1.585e+09	0.84	0.88	0.000e+00
	1.000e+09	1.585e+09	0.88	0.92	0.000e+00
	1.000e+09	1.585e+09	0.92	0.96	0.000e+00
	1.000e+09	1.585e+09	0.96	1.00	0.000e+00
	1.585e+09	2.512e+09	-1.00	-0.96	0.000e+00
	1.585e+09	2.512e+09	-0.96	-0.92	0.000e+00
	1.585e+09	2.512e+09	-0.92	-0.88	0.000e+00
	1.585e+09	2.512e+09	-0.88	-0.84	0.000e+00
	1.585e+09	2.512e+09	-0.84	-0.80	0.000e+00
	1.585e+09	2.512e+09	-0.80	-0.76	0.000e+00
	1.585e+09	2.512e+09	-0.76	-0.72	0.000e+00
	1.585e+09	2.512e+09	-0.72	-0.68	0.000e+00
	1.585e+09	2.512e+09	-0.68	-0.64	0.000e+00
	1.585e+09	2.512e+09	-0.64	-0.60	0.000e+00
	1.585e+09	2.512e+09	-0.60	-0.56	0.000e+00
	1.585e+09	2.512e+09	-0.56	-0.52	0.000e+00
	1.585e+09	2.512e+09	-0.52	-0.48	0.000e+00
	1.585e+09	2.512e+09	-0.48	-0.44	0.000e+00
	1.585e+09	2.512e+09	-0.44	-0.40	0.000e+00
	1.585e+09	2.512e+09	-0.40	-0.36	0.000e+00
	1.585e+09	2.512e+09	-0.36	-0.32	0.000e+00
	1.585e+09	2.512e+09	-0.32	-0.28	0.000e+00
	1.585e+09	2.512e+09	-0.28	-0.24	0.000e+00
	1.585e+09	2.512e+09	-0.24	-0.20	0.000e+00
	1.585e+09	2.512e+09	-0.20	-0.16	0.000e+00
	1.585e+09	2.512e+09	-0.16	-0.12	0.000e+00
	1.585e+09	2.512e+09	-0.12	-0.08	0.000e+00
	1.585e+09	2.512e+09	-0.08	-0.04	0.000e+00
	1.585e+09	2.512e+09	-0.04	0.00	0.000e+00
	1.585e+09	2.512e+09	0.00	0.04	0.000e+00
	1.585e+09	2.512e+09	0.04	0.08	0.000e+00
	1.585e+09	2.512e+09	0.08	0.12	0.000e+00
	1.585e+09	2.512e+09	0.12	0.16	0.000e+00
	1.585e+09	2.512e+09	0.16	0.20	0.000e+00
	1.585e+09	2.512e+09	0.20	0.24	0.000e+00
	1.585e+09	2.512e+09	0.24	0.28	0.000e+00
	1.585e+09	2.512e+09	0.28	0.32	0.000e+00
	1.585e+09	2.512e+09	0.32	0.36	0.000e+00
	1.585e+09	2.512e+09	0.36	0.40	0.000e+00
	1.585e+09	2.512e+09	0.40	0.44	0.000e+00
	1.585e+09	2.512e+09	0.44	0.48	0.000e+00
	1.585e+09	2.512e+09	0.48	0.52	0.000e+00
	1.585e+09	2.512e+09	0.52	0.56	0.000e+00
	1.585e+09	2.512e+09	0.56	0.60	0.000e+00
	1.585e+09	2.512e+09	0.60	0.64	0.000e+00
	1.585e+09	2.512e+09	0.64	0.68	0.000e+00
	1.585e+09	2.512e+09	0.68	0.72	0.000e+00
	1.585e+09	2.512e+09	0.72	0.76	0.000e+00
	1.585e+09	2.512e+09	0.76	0.80	0.000e+00
	1.585e+09	2.512e+09	0.80	0.84	0.000e+00
	1.585e+09	2.512e+09	0.84	0.88	0.000e+00
	1.585e+09	2.512e+09	0.88	0.92	0.000e+00
	1.585e+09	2.512e+09	0.92	0.96	0.000e+00
	1.585e+09	2.512e+09	0.96	1.00	0.000e+00
	2.512e+09	3.981e+09	-1.00	-0.96	0.000e+00
	2.512e+09	3.981e+09	-0.96	-0.92	0.000e+00
	2.512e+09	3.981e+09	-0.92	-0.88	0.000e+00
	2.512e+09	3.981e+09	-0.88	-0.84	0.000e+00
	2.512e+09	3.981e+09	-0.84	-0.80	0.000e+00
	2.512e+09	3.981e+09	-0.80	-0.76	0.000e+00
	2.512e+09	3.981e+09	-0.76	-0.72	0.000e+00
	2.512e+09	3.981e+09	-0.72	-0.68	0.000e+00
	2.512e+09	3.981e+09	-0.68	-0.64	0.000e+00
	2.512e+09	3.981e+09	-0.64	-0.60	0.000e+00
	2.512e+09	3.981e+09	-0.60	-0.56	0.000e+00
	2.512e+09	3.981e+09	-0.56	-0.52	0.000e+00
	2.512e+09	3.981e+09	-0.52	-0.48	0.000e+00
	2.512e+09	3.981e+09	-0.48	-0.44	0.000e+00
	2.512e+09	3.981e+09	-0.44	-0.40	0.000e+00
	2.512e+09	3.981e+09	-0.40	-0.36	0.000e+00
	2.512e+09	3.981e+09	-0.36	-0.32	0.000e+00
	2.512e+09	3.981e+09	-0.32	-0.28	0.000e+00
	2.512e+09	3.981e+09	-0.28	-0.24	0.000e+00
	2.512e+09	3.981e+09	-0.24	-0.20	0.000e+00
	2.512e+09	3.981e+09	-0.20	-0.16	0.000e+00
	2.512e+09	3.981e+09	-0.16	-0.12	0.000e+00
	2.512e+09	3.981e+09	-0.12	-0.08	0.000e+00
	2.512e+09	3.981e+09	-0.08	-0.04	0.000e+00
	2.512e+09	3.981e+09	-0.04	0.00	0.000e+00
	2.512e+09	3.981e+09	0.00	0.04	0.000e+00
	2.512e+09	3.981e+09	0.04	0.08	0.000e+00
	2.512e+09	3.981e+09	0.08	0.12	0.000e+00
	2.512e+09	3.981e+09	0.12	0.16	0.000e+00
	2.512e+09	3.981e+09	0.16	0.20	0.000e+00
	2.512e+09	3.981e+09	0.20	0.24	0.000e+00
	2.512e+09	3.981e+09	0.24	0.28	0.000e+00
	2.512e+09	3.981e+09	0.28	0.32	0.000e+00
	2.512e+09	3.981e+09	0.32	0.36	0.000e+00
	2.512e+09	3.981e+09	0.36	0.40	0.000e+00
	2.512e+09	3.981e+09	0.40	0.44	0.000e+00
	2.512e+09	3.981e+09	0.44	0.48	0.000e+00
	2.512e+09	3.981e+09	0.48	0.52	0.000e+00
	2.512e+09	3.981e+09	0.52	0.56	0.000e+00
	2.512e+09	3.981e+09	0.56	0.60	0.000e+00
	2.512e+09	3.981e+09	0.60	0.64	0.000e+00
	2.512e+09	3.981e+09	0.64	0.68	0.000e+00
	2.512e+09	3.981e+09	0.68	0.72	0.000e+00
	2.512e+09	3.981e+09	0.72	0.76	0.000e+00
	2.512e+09	3.981e+09	0.76	0.80	0.000e+00
	2.512e+09	3.981e+09	0.80	0.84	0.000e+00
	2.512e+09	3.981e+09	0.84	0.88	0.000e+00
	2.512e+09	3.981e+09	0.88	0.92	0.000e+00
	2.512e+09	3.981e+09	0.92	0.96	0.000e+00
	2.512e+09	3.981e+09	0.96	1.00	0.000e+00
	3.981e+09	6.310e+09	-1.00	-0.96	0.000e+00
	3.981e+09	6.310e+09	-0.96	-0.92	0.000e+00
	3.981e+09	6.310e+09	-0.92	-0.88	0.000e+00
	3.981e+09	6.310e+09	-0.88	-0.84	0.000e+00
	3.981e+09	6.310e+09	-0.84	-0.80	0.000e+00
	3.981e+09	6.310e+09	-0.80	-0.76	0.000e+00
	3.981e+09	6.310e+09	-0.76	-0.72	0.000e+00
	3.981e+09	6.310e+09	-0.72	-0.68	0.000e+00
	3.981e+09	6.310e+09	-0.68	-0.64	0.000e+00
	3.981e+09	6.310e+09	-0.64	-0.60	0.000e+00
	3.981e+09	6.310e+09	-0.60	-0.56	0.000e+00
	3.981e+09	6.310e+09	-0.56	-0.52	0.000e+00
	3.981e+09	6.310e+09	-0.52	-0.48	0.000e+00
	3.981e+09	6.310e+09	-0.48	-0.44	0.000e+00
	3.981e+09	6.310e+09	-0.44	-0.40	0.000e+00
	3.981e+09	6.310e+09	-0.40	-0.36	0.000e+00
	3.981e+09	6.310e+09	-0.36	-0.32	0.000e+00
	3.981e+09	6.310e+09	-0.32	-0.28	0.000e+00
	3.981e+09	6.310e+09	-0.28	-0.24	0.000e+00
	3.981e+09	6.310e+09	-0.24	-0.20	0.000e+00
	3.981e+09	6.310e+09	-0.20	-0.16	0.000e+00
	3.981e+09	6.310e+09	-0.16	-0.12	0.000e+00
	3.981e+09	6.310e+09	-0.12	-0.08	0.000e+00
	3.981e+09	6.310e+09	-0.08	-0.04	0.000e+00
	3.981e+09	6.310e+09	-0.04	0.00	0.000e+00
	3.981e+09	6.310e+09	0.00	0.04	0.000e+00
	3.981e+09	6.310e+09	0.04	0.08	0.000e+00
	3.981e+09	6.310e+09	0.08	0.12	0.000e+00
	3.981e+09	6.310e+09	0.12	0.16	0.000e+00
	3.981e+09	6.310e+09	0.16	0.20	0.000e+00
	3.981e+09	6.310e+09	0.20	0.24	0.000e+00
	3.981e+09	6.310e+09	0.24	0.28	0.000e+00
	3.981e+09	6.310e+09	0.28	0.32	0.000e+00
	3.981e+09	6.310e+09	0.32	0.36	0.000e+00
	3.981e+09	6.310e+09	0.36	0.40	0.000e+00
	3.981e+09	6.310e+09	0.40	0.44	0.000e+00
	3.981e+09	6.310e+09	0.44	0.48	0.000e+00
	3.981e+09	6.310e+09	0.48	0.52	0.000e+00
	3.981e+09	6.310e+09	0.52	0.56	0.000e+00
	3.981e+09	6.310e+09	0.56	0.60	0.000e+00
	3.981e+09	6.310e+09	0.60	0.64	0.000e+00
	3.981e+09	6.310e+09	0.64	0.68	0.000e+00
	3.981e+09	6.310e+09	0.68	0.72	0.000e+00
	3.981e+09	6.310e+09	0.72	0.76	0.000e+00
	3.981e+09	6.310e+09	0.76	0.80	0.000e+00
	3.981e+09	6.310e+09	0.80	0.84	0.000e+00
	3.981e+09	6.310e+09	0.84	0.88	0.000e+00
	3.981e+09	6.310e+09	0.88	0.92	0.000e+00
	3.981e+09	6.310e+09	0.92	0.96	0.000e+00
	3.981e+09	6.310e+09	0.96	1.00	0.000e+00
	6.310e+09	1.000e+10	-1.00	-0.96	0.000e+00
	6.310e+09	1.000e+10	-0.96	-0.92	0.000e+00
	6.310e+09	1.000e+10	-0.92	-0.88	0.000e+00
	6.310e+09	1.000e+10	-0.88	-0.84	0.000e+00
	6.310e+09	1.000e+10	-0.84	-0.80	0.000e+00
	6.310e+09	1.000e+10	-0.80	-0.76	0.000e+00
	6.310e+09	1.000e+10	-0.76	-0.72	0.000e+00
	6.310e+09	1.000e+10	-0.72	-0.68	0.000e+00
	6.310e+09	1.000e+10	-0.68	-0.64	0.000e+00
	6.310e+09	1.000e+10	-0.64	-0.60	0.000e+00
	6.310e+09	1.000e+10	-0.60	-0.56	0.000e+00
	6.310e+09	1.000e+10	-0.56	-0.52	0.000e+00
	6.310e+09	1.000e+10	-0.52	-0.48	0.000e+00
	6.310e+09	1.000e+10	-0.48	-0.44	0.000e+00
	6.310e+09	1.000e+10	-0.44	-0.40	0.000e+00
	6.310e+09	1.000e+10	-0.40	-0.36	0.000e+00
	6.310e+09	1.000e+10	-0.36	-0.32	0.000e+00
	6.310e+09	1.000e+10	-0.32	-0.28	0.000e+00
	6.310e+09	1.000e+10	-0.28	-0.24	0.000e+00
	6.310e+09	1.000e+10	-0.24	-0.20	0.000e+00
	6.310e+09	1.000e+10	-0.20	-0.16	0.000e+00
	6.310e+09	1.000e+10	-0.16	-0.12	0.000e+00
	6.310e+09	1.000e+10	-0.12	-0.08	0.000e+00
	6.310e+09	1.000e+10	-0.08	-0.04	0.000e+00
	6.310e+09	1.000e+10	-0.04	0.00	0.000e+00
	6.310e+09	1.000e+10	0.00	0.04	0.000e+00
	6.310e+09	1.000e+10	0.04	0.08	0.000e+00
	6.310e+09	1.000e+10	0.08	0.12	0.000e+00
	6.310e+09	1.000e+10	0.12	0.16	0.000e+00
	6.310e+09	1.000e+10	0.16	0.20	0.000e+00
	6.310e+09	1.000e+10	0.20	0.24	0.000e+00
	6.310e+09	1.000e+10	0.24	0.28	0.000e+00
	6.310e+09	1.000e+10	0.28	0.32	0.000e+00
	6.310e+09	1.000e+10	0.32	0.36	0.000e+00
	6.310e+09	1.000e+10	0.36	0.40	0.000e+00
	6.310e+09	1.000e+10	0.40	0.44	0.000e+00
	6.310e+09	1.000e+10	0.44	0.48	0.000e+00
	6.310e+09	1.000e+10	0.48	0.52	0.000e+00
	6.310e+09	1.000e+10	0.52	0.56	0.000e+00
	6.310e+09	1.000e+10	0.56	0.60	0.000e+00
	6.310e+09	1.000e+10	0.60	0.64	0.000e+00
	6.310e+09	1.000e+10	0.64	0.68	0.000e+00
	6.310e+09	1.000e+10	0.68	0.72	0.000e+00
	6.310e+09	1.000e+10	0.72	0.76	0.000e+00
	6.310e+09	1.000e+10	0.76	0.80	0.000e+00
	6.310e+09	1.000e+10	0.80	0.84	0.000e+00
	6.310e+09	1.000e+10	0.84	0.88	0.000e+00
	6.310e+09	1.000e+10	0.88	0.92	0.000e+00
	6.310e+09	1.000e+10	0.92	0.96	0.000e+00
	6.310e+09	1.000e+10	0.96	1.00	0.000e+00
