# E_min[GeV]	E_max[GeV]	cos(zenith)_min	cos(zenith)_max	A_Eff[m^2]
	1.000e+02	1.585e+02	-1.00	-0.96	0.000e+00
	1.000e+02	1.585e+02	-0.96	-0.92	0.000e+00
	1.000e+02	1.585e+02	-0.92	-0.88	0.000e+00
	1.000e+02	1.585e+02	-0.88	-0.84	0.000e+00
	1.000e+02	1.585e+02	-0.84	-0.80	0.000e+00
	1.000e+02	1.585e+02	-0.80	-0.76	0.000e+00
	1.000e+02	1.585e+02	-0.76	-0.72	0.000e+00
	1.000e+02	1.585e+02	-0.72	-0.68	0.000e+00
	1.000e+02	1.585e+02	-0.68	-0.64	0.000e+00
	1.000e+02	1.585e+02	-0.64	-0.60	0.000e+00
	1.000e+02	1.585e+02	-0.60	-0.56	0.000e+00
	1.000e+02	1.585e+02	-0.56	-0.52	0.000e+00
	1.000e+02	1.585e+02	-0.52	-0.48	0.000e+00
	1.000e+02	1.585e+02	-0.48	-0.44	0.000e+00
	1.000e+02	1.585e+02	-0.44	-0.40	0.000e+00
	1.000e+02	1.585e+02	-0.40	-0.36	0.000e+00
	1.000e+02	1.585e+02	-0.36	-0.32	0.000e+00
	1.000e+02	1.585e+02	-0.32	-0.28	0.000e+00
	1.000e+02	1.585e+02	-0.28	-0.24	0.000e+00
	1.000e+02	1.585e+02	-0.24	-0.20	0.000e+00
	1.000e+02	1.585e+02	-0.20	-0.16	0.000e+00
	1.000e+02	1.585e+02	-0.16	-0.12	4.000e-06
	1.000e+02	1.585e+02	-0.12	-0.08	3.900e-05
	1.000e+02	1.585e+02	-0.08	-0.04	1.300e-04
	1.000e+02	1.585e+02	-0.04	0.00	2.470e-04
	1.000e+02	1.585e+02	0.00	0.04	3.590e-04
	1.000e+02	1.585e+02	0.04	0.08	4.720e-04
	1.000e+02	1.585e+02	0.08	0.12	5.520e-04
	1.000e+02	1.585e+02	0.12	0.16	6.170e-04
	1.000e+02	1.585e+02	0.16	0.20	6.680e-04
	1.000e+02	1.585e+02	0.20	0.24	7.080e-04
	1.000e+02	1.585e+02	0.24	0.28	7.530e-04
	1.000e+02	1.585e+02	0.28	0.32	7.810e-04
	1.000e+02	1.585e+02	0.32	0.36	7.930e-04
	1.000e+02	1.585e+02	0.36	0.40	8.250e-04
	1.000e+02	1.585e+02	0.40	0.44	8.530e-04
	1.000e+02	1.585e+02	0.44	0.48	8.710e-04
	1.000e+02	1.585e+02	0.48	0.52	8.770e-04
	1.000e+02	1.585e+02	0.52	0.56	8.710e-04
	1.000e+02	1.585e+02	0.56	0.60	8.970e-04
	1.000e+02	1.585e+02	0.60	0.64	9.100e-04
	1.000e+02	1.585e+02	0.64	0.68	9.480e-04
	1.000e+02	1.585e+02	0.68	0.72	1.010e-03
	1.000e+02	1.585e+02	0.72	0.76	1.060e-03
	1.000e+02	1.585e+02	0.76	0.80	1.112e-03
	1.000e+02	1.585e+02	0.80	0.84	1.181e-03
	1.000e+02	1.585e+02	0.84	0.88	1.238e-03
	1.000e+02	1.585e+02	0.88	0.92	1.233e-03
	1.000e+02	1.585e+02	0.92	0.96	1.196e-03
	1.000e+02	1.585e+02	0.96	1.00	1.917e-03
	1.585e+02	2.512e+02	-1.00	-0.96	0.000e+00
	1.585e+02	2.512e+02	-0.96	-0.92	0.000e+00
	1.585e+02	2.512e+02	-0.92	-0.88	0.000e+00
	1.585e+02	2.512e+02	-0.88	-0.84	0.000e+00
	1.585e+02	2.512e+02	-0.84	-0.80	0.000e+00
	1.585e+02	2.512e+02	-0.80	-0.76	0.000e+00
	1.585e+02	2.512e+02	-0.76	-0.72	0.000e+00
	1.585e+02	2.512e+02	-0.72	-0.68	0.000e+00
	1.585e+02	2.512e+02	-0.68	-0.64	0.000e+00
	1.585e+02	2.512e+02	-0.64	-0.60	0.000e+00
	1.585e+02	2.512e+02	-0.60	-0.56	0.000e+00
	1.585e+02	2.512e+02	-0.56	-0.52	0.000e+00
	1.585e+02	2.512e+02	-0.52	-0.48	0.000e+00
	1.585e+02	2.512e+02	-0.48	-0.44	0.000e+00
	1.585e+02	2.512e+02	-0.44	-0.40	0.000e+00
	1.585e+02	2.512e+02	-0.40	-0.36	0.000e+00
	1.585e+02	2.512e+02	-0.36	-0.32	0.000e+00
	1.585e+02	2.512e+02	-0.32	-0.28	0.000e+00
	1.585e+02	2.512e+02	-0.28	-0.24	1.000e-06
	1.585e+02	2.512e+02	-0.24	-0.20	0.000e+00
	1.585e+02	2.512e+02	-0.20	-0.16	1.000e-06
	1.585e+02	2.512e+02	-0.16	-0.12	3.300e-05
	1.585e+02	2.512e+02	-0.12	-0.08	3.730e-04
	1.585e+02	2.512e+02	-0.08	-0.04	1.272e-03
	1.585e+02	2.512e+02	-0.04	0.00	2.284e-03
	1.585e+02	2.512e+02	0.00	0.04	3.122e-03
	1.585e+02	2.512e+02	0.04	0.08	3.743e-03
	1.585e+02	2.512e+02	0.08	0.12	4.224e-03
	1.585e+02	2.512e+02	0.12	0.16	4.557e-03
	1.585e+02	2.512e+02	0.16	0.20	4.751e-03
	1.585e+02	2.512e+02	0.20	0.24	4.942e-03
	1.585e+02	2.512e+02	0.24	0.28	5.110e-03
	1.585e+02	2.512e+02	0.28	0.32	5.242e-03
	1.585e+02	2.512e+02	0.32	0.36	5.330e-03
	1.585e+02	2.512e+02	0.36	0.40	5.482e-03
	1.585e+02	2.512e+02	0.40	0.44	5.607e-03
	1.585e+02	2.512e+02	0.44	0.48	5.690e-03
	1.585e+02	2.512e+02	0.48	0.52	5.701e-03
	1.585e+02	2.512e+02	0.52	0.56	5.829e-03
	1.585e+02	2.512e+02	0.56	0.60	5.814e-03
	1.585e+02	2.512e+02	0.60	0.64	5.898e-03
	1.585e+02	2.512e+02	0.64	0.68	5.986e-03
	1.585e+02	2.512e+02	0.68	0.72	6.169e-03
	1.585e+02	2.512e+02	0.72	0.76	6.383e-03
	1.585e+02	2.512e+02	0.76	0.80	6.655e-03
	1.585e+02	2.512e+02	0.80	0.84	6.888e-03
	1.585e+02	2.512e+02	0.84	0.88	7.143e-03
	1.585e+02	2.512e+02	0.88	0.92	7.187e-03
	1.585e+02	2.512e+02	0.92	0.96	6.971e-03
	1.585e+02	2.512e+02	0.96	1.00	8.263e-03
	2.512e+02	3.981e+02	-1.00	-0.96	0.000e+00
	2.512e+02	3.981e+02	-0.96	-0.92	0.000e+00
	2.512e+02	3.981e+02	-0.92	-0.88	0.000e+00
	2.512e+02	3.981e+02	-0.88	-0.84	0.000e+00
	2.512e+02	3.981e+02	-0.84	-0.80	0.000e+00
	2.512e+02	3.981e+02	-0.80	-0.76	0.000e+00
	2.512e+02	3.981e+02	-0.76	-0.72	0.000e+00
	2.512e+02	3.981e+02	-0.72	-0.68	0.000e+00
	2.512e+02	3.981e+02	-0.68	-0.64	0.000e+00
	2.512e+02	3.981e+02	-0.64	-0.60	0.000e+00
	2.512e+02	3.981e+02	-0.60	-0.56	0.000e+00
	2.512e+02	3.981e+02	-0.56	-0.52	0.000e+00
	2.512e+02	3.981e+02	-0.52	-0.48	0.000e+00
	2.512e+02	3.981e+02	-0.48	-0.44	0.000e+00
	2.512e+02	3.981e+02	-0.44	-0.40	0.000e+00
	2.512e+02	3.981e+02	-0.40	-0.36	0.000e+00
	2.512e+02	3.981e+02	-0.36	-0.32	1.000e-06
	2.512e+02	3.981e+02	-0.32	-0.28	0.000e+00
	2.512e+02	3.981e+02	-0.28	-0.24	1.000e-06
	2.512e+02	3.981e+02	-0.24	-0.20	0.000e+00
	2.512e+02	3.981e+02	-0.20	-0.16	8.000e-06
	2.512e+02	3.981e+02	-0.16	-0.12	1.270e-04
	2.512e+02	3.981e+02	-0.12	-0.08	1.754e-03
	2.512e+02	3.981e+02	-0.08	-0.04	6.190e-03
	2.512e+02	3.981e+02	-0.04	0.00	1.089e-02
	2.512e+02	3.981e+02	0.00	0.04	1.392e-02
	2.512e+02	3.981e+02	0.04	0.08	1.589e-02
	2.512e+02	3.981e+02	0.08	0.12	1.729e-02
	2.512e+02	3.981e+02	0.12	0.16	1.819e-02
	2.512e+02	3.981e+02	0.16	0.20	1.894e-02
	2.512e+02	3.981e+02	0.20	0.24	1.929e-02
	2.512e+02	3.981e+02	0.24	0.28	1.986e-02
	2.512e+02	3.981e+02	0.28	0.32	2.054e-02
	2.512e+02	3.981e+02	0.32	0.36	2.083e-02
	2.512e+02	3.981e+02	0.36	0.40	2.133e-02
	2.512e+02	3.981e+02	0.40	0.44	2.159e-02
	2.512e+02	3.981e+02	0.44	0.48	2.218e-02
	2.512e+02	3.981e+02	0.48	0.52	2.228e-02
	2.512e+02	3.981e+02	0.52	0.56	2.249e-02
	2.512e+02	3.981e+02	0.56	0.60	2.280e-02
	2.512e+02	3.981e+02	0.60	0.64	2.291e-02
	2.512e+02	3.981e+02	0.64	0.68	2.293e-02
	2.512e+02	3.981e+02	0.68	0.72	2.345e-02
	2.512e+02	3.981e+02	0.72	0.76	2.397e-02
	2.512e+02	3.981e+02	0.76	0.80	2.459e-02
	2.512e+02	3.981e+02	0.80	0.84	2.544e-02
	2.512e+02	3.981e+02	0.84	0.88	2.576e-02
	2.512e+02	3.981e+02	0.88	0.92	2.599e-02
	2.512e+02	3.981e+02	0.92	0.96	2.516e-02
	2.512e+02	3.981e+02	0.96	1.00	2.650e-02
	3.981e+02	6.310e+02	-1.00	-0.96	1.000e-06
	3.981e+02	6.310e+02	-0.96	-0.92	0.000e+00
	3.981e+02	6.310e+02	-0.92	-0.88	0.000e+00
	3.981e+02	6.310e+02	-0.88	-0.84	0.000e+00
	3.981e+02	6.310e+02	-0.84	-0.80	0.000e+00
	3.981e+02	6.310e+02	-0.80	-0.76	0.000e+00
	3.981e+02	6.310e+02	-0.76	-0.72	0.000e+00
	3.981e+02	6.310e+02	-0.72	-0.68	0.000e+00
	3.981e+02	6.310e+02	-0.68	-0.64	0.000e+00
	3.981e+02	6.310e+02	-0.64	-0.60	0.000e+00
	3.981e+02	6.310e+02	-0.60	-0.56	0.000e+00
	3.981e+02	6.310e+02	-0.56	-0.52	0.000e+00
	3.981e+02	6.310e+02	-0.52	-0.48	0.000e+00
	3.981e+02	6.310e+02	-0.48	-0.44	0.000e+00
	3.981e+02	6.310e+02	-0.44	-0.40	0.000e+00
	3.981e+02	6.310e+02	-0.40	-0.36	0.000e+00
	3.981e+02	6.310e+02	-0.36	-0.32	0.000e+00
	3.981e+02	6.310e+02	-0.32	-0.28	0.000e+00
	3.981e+02	6.310e+02	-0.28	-0.24	1.000e-06
	3.981e+02	6.310e+02	-0.24	-0.20	3.000e-06
	3.981e+02	6.310e+02	-0.20	-0.16	1.900e-05
	3.981e+02	6.310e+02	-0.16	-0.12	4.650e-04
	3.981e+02	6.310e+02	-0.12	-0.08	6.390e-03
	3.981e+02	6.310e+02	-0.08	-0.04	2.111e-02
	3.981e+02	6.310e+02	-0.04	0.00	3.638e-02
	3.981e+02	6.310e+02	0.00	0.04	4.545e-02
	3.981e+02	6.310e+02	0.04	0.08	4.991e-02
	3.981e+02	6.310e+02	0.08	0.12	5.374e-02
	3.981e+02	6.310e+02	0.12	0.16	5.547e-02
	3.981e+02	6.310e+02	0.16	0.20	5.717e-02
	3.981e+02	6.310e+02	0.20	0.24	5.777e-02
	3.981e+02	6.310e+02	0.24	0.28	6.001e-02
	3.981e+02	6.310e+02	0.28	0.32	6.129e-02
	3.981e+02	6.310e+02	0.32	0.36	6.206e-02
	3.981e+02	6.310e+02	0.36	0.40	6.394e-02
	3.981e+02	6.310e+02	0.40	0.44	6.501e-02
	3.981e+02	6.310e+02	0.44	0.48	6.577e-02
	3.981e+02	6.310e+02	0.48	0.52	6.645e-02
	3.981e+02	6.310e+02	0.52	0.56	6.695e-02
	3.981e+02	6.310e+02	0.56	0.60	6.736e-02
	3.981e+02	6.310e+02	0.60	0.64	6.754e-02
	3.981e+02	6.310e+02	0.64	0.68	6.834e-02
	3.981e+02	6.310e+02	0.68	0.72	6.873e-02
	3.981e+02	6.310e+02	0.72	0.76	6.996e-02
	3.981e+02	6.310e+02	0.76	0.80	7.133e-02
	3.981e+02	6.310e+02	0.80	0.84	7.286e-02
	3.981e+02	6.310e+02	0.84	0.88	7.370e-02
	3.981e+02	6.310e+02	0.88	0.92	7.379e-02
	3.981e+02	6.310e+02	0.92	0.96	7.143e-02
	3.981e+02	6.310e+02	0.96	1.00	7.188e-02
	6.310e+02	1.000e+03	-1.00	-0.96	0.000e+00
	6.310e+02	1.000e+03	-0.96	-0.92	0.000e+00
	6.310e+02	1.000e+03	-0.92	-0.88	2.000e-06
	6.310e+02	1.000e+03	-0.88	-0.84	0.000e+00
	6.310e+02	1.000e+03	-0.84	-0.80	0.000e+00
	6.310e+02	1.000e+03	-0.80	-0.76	0.000e+00
	6.310e+02	1.000e+03	-0.76	-0.72	0.000e+00
	6.310e+02	1.000e+03	-0.72	-0.68	0.000e+00
	6.310e+02	1.000e+03	-0.68	-0.64	0.000e+00
	6.310e+02	1.000e+03	-0.64	-0.60	0.000e+00
	6.310e+02	1.000e+03	-0.60	-0.56	0.000e+00
	6.310e+02	1.000e+03	-0.56	-0.52	2.000e-06
	6.310e+02	1.000e+03	-0.52	-0.48	0.000e+00
	6.310e+02	1.000e+03	-0.48	-0.44	6.000e-06
	6.310e+02	1.000e+03	-0.44	-0.40	7.000e-06
	6.310e+02	1.000e+03	-0.40	-0.36	0.000e+00
	6.310e+02	1.000e+03	-0.36	-0.32	7.000e-06
	6.310e+02	1.000e+03	-0.32	-0.28	0.000e+00
	6.310e+02	1.000e+03	-0.28	-0.24	3.000e-06
	6.310e+02	1.000e+03	-0.24	-0.20	1.900e-05
	6.310e+02	1.000e+03	-0.20	-0.16	3.800e-05
	6.310e+02	1.000e+03	-0.16	-0.12	1.258e-03
	6.310e+02	1.000e+03	-0.12	-0.08	1.897e-02
	6.310e+02	1.000e+03	-0.08	-0.04	6.095e-02
	6.310e+02	1.000e+03	-0.04	0.00	1.040e-01
	6.310e+02	1.000e+03	0.00	0.04	1.259e-01
	6.310e+02	1.000e+03	0.04	0.08	1.373e-01
	6.310e+02	1.000e+03	0.08	0.12	1.433e-01
	6.310e+02	1.000e+03	0.12	0.16	1.482e-01
	6.310e+02	1.000e+03	0.16	0.20	1.513e-01
	6.310e+02	1.000e+03	0.20	0.24	1.552e-01
	6.310e+02	1.000e+03	0.24	0.28	1.588e-01
	6.310e+02	1.000e+03	0.28	0.32	1.624e-01
	6.310e+02	1.000e+03	0.32	0.36	1.645e-01
	6.310e+02	1.000e+03	0.36	0.40	1.691e-01
	6.310e+02	1.000e+03	0.40	0.44	1.704e-01
	6.310e+02	1.000e+03	0.44	0.48	1.733e-01
	6.310e+02	1.000e+03	0.48	0.52	1.728e-01
	6.310e+02	1.000e+03	0.52	0.56	1.744e-01
	6.310e+02	1.000e+03	0.56	0.60	1.744e-01
	6.310e+02	1.000e+03	0.60	0.64	1.757e-01
	6.310e+02	1.000e+03	0.64	0.68	1.750e-01
	6.310e+02	1.000e+03	0.68	0.72	1.752e-01
	6.310e+02	1.000e+03	0.72	0.76	1.787e-01
	6.310e+02	1.000e+03	0.76	0.80	1.817e-01
	6.310e+02	1.000e+03	0.80	0.84	1.833e-01
	6.310e+02	1.000e+03	0.84	0.88	1.850e-01
	6.310e+02	1.000e+03	0.88	0.92	1.852e-01
	6.310e+02	1.000e+03	0.92	0.96	1.795e-01
	6.310e+02	1.000e+03	0.96	1.00	1.758e-01
	1.000e+03	1.585e+03	-1.00	-0.96	0.000e+00
	1.000e+03	1.585e+03	-0.96	-0.92	0.000e+00
	1.000e+03	1.585e+03	-0.92	-0.88	0.000e+00
	1.000e+03	1.585e+03	-0.88	-0.84	0.000e+00
	1.000e+03	1.585e+03	-0.84	-0.80	1.000e-05
	1.000e+03	1.585e+03	-0.80	-0.76	6.000e-06
	1.000e+03	1.585e+03	-0.76	-0.72	0.000e+00
	1.000e+03	1.585e+03	-0.72	-0.68	1.000e-05
	1.000e+03	1.585e+03	-0.68	-0.64	0.000e+00
	1.000e+03	1.585e+03	-0.64	-0.60	0.000e+00
	1.000e+03	1.585e+03	-0.60	-0.56	5.000e-06
	1.000e+03	1.585e+03	-0.56	-0.52	0.000e+00
	1.000e+03	1.585e+03	-0.52	-0.48	0.000e+00
	1.000e+03	1.585e+03	-0.48	-0.44	0.000e+00
	1.000e+03	1.585e+03	-0.44	-0.40	0.000e+00
	1.000e+03	1.585e+03	-0.40	-0.36	0.000e+00
	1.000e+03	1.585e+03	-0.36	-0.32	2.800e-05
	1.000e+03	1.585e+03	-0.32	-0.28	0.000e+00
	1.000e+03	1.585e+03	-0.28	-0.24	6.000e-06
	1.000e+03	1.585e+03	-0.24	-0.20	3.300e-05
	1.000e+03	1.585e+03	-0.20	-0.16	1.620e-04
	1.000e+03	1.585e+03	-0.16	-0.12	3.806e-03
	1.000e+03	1.585e+03	-0.12	-0.08	5.304e-02
	1.000e+03	1.585e+03	-0.08	-0.04	1.561e-01
	1.000e+03	1.585e+03	-0.04	0.00	2.657e-01
	1.000e+03	1.585e+03	0.00	0.04	3.197e-01
	1.000e+03	1.585e+03	0.04	0.08	3.394e-01
	1.000e+03	1.585e+03	0.08	0.12	3.578e-01
	1.000e+03	1.585e+03	0.12	0.16	3.647e-01
	1.000e+03	1.585e+03	0.16	0.20	3.719e-01
	1.000e+03	1.585e+03	0.20	0.24	3.850e-01
	1.000e+03	1.585e+03	0.24	0.28	3.861e-01
	1.000e+03	1.585e+03	0.28	0.32	3.940e-01
	1.000e+03	1.585e+03	0.32	0.36	4.073e-01
	1.000e+03	1.585e+03	0.36	0.40	4.058e-01
	1.000e+03	1.585e+03	0.40	0.44	4.163e-01
	1.000e+03	1.585e+03	0.44	0.48	4.181e-01
	1.000e+03	1.585e+03	0.48	0.52	4.183e-01
	1.000e+03	1.585e+03	0.52	0.56	4.162e-01
	1.000e+03	1.585e+03	0.56	0.60	4.142e-01
	1.000e+03	1.585e+03	0.60	0.64	4.130e-01
	1.000e+03	1.585e+03	0.64	0.68	4.172e-01
	1.000e+03	1.585e+03	0.68	0.72	4.200e-01
	1.000e+03	1.585e+03	0.72	0.76	4.220e-01
	1.000e+03	1.585e+03	0.76	0.80	4.252e-01
	1.000e+03	1.585e+03	0.80	0.84	4.311e-01
	1.000e+03	1.585e+03	0.84	0.88	4.311e-01
	1.000e+03	1.585e+03	0.88	0.92	4.257e-01
	1.000e+03	1.585e+03	0.92	0.96	4.184e-01
	1.000e+03	1.585e+03	0.96	1.00	4.061e-01
	1.585e+03	2.512e+03	-1.00	-0.96	0.000e+00
	1.585e+03	2.512e+03	-0.96	-0.92	0.000e+00
	1.585e+03	2.512e+03	-0.92	-0.88	0.000e+00
	1.585e+03	2.512e+03	-0.88	-0.84	0.000e+00
	1.585e+03	2.512e+03	-0.84	-0.80	1.700e-05
	1.585e+03	2.512e+03	-0.80	-0.76	1.300e-05
	1.585e+03	2.512e+03	-0.76	-0.72	2.000e-05
	1.585e+03	2.512e+03	-0.72	-0.68	0.000e+00
	1.585e+03	2.512e+03	-0.68	-0.64	3.500e-05
	1.585e+03	2.512e+03	-0.64	-0.60	2.600e-05
	1.585e+03	2.512e+03	-0.60	-0.56	0.000e+00
	1.585e+03	2.512e+03	-0.56	-0.52	0.000e+00
	1.585e+03	2.512e+03	-0.52	-0.48	9.000e-06
	1.585e+03	2.512e+03	-0.48	-0.44	3.500e-05
	1.585e+03	2.512e+03	-0.44	-0.40	0.000e+00
	1.585e+03	2.512e+03	-0.40	-0.36	0.000e+00
	1.585e+03	2.512e+03	-0.36	-0.32	1.000e-05
	1.585e+03	2.512e+03	-0.32	-0.28	1.100e-04
	1.585e+03	2.512e+03	-0.28	-0.24	0.000e+00
	1.585e+03	2.512e+03	-0.24	-0.20	1.550e-04
	1.585e+03	2.512e+03	-0.20	-0.16	5.600e-04
	1.585e+03	2.512e+03	-0.16	-0.12	9.346e-03
	1.585e+03	2.512e+03	-0.12	-0.08	1.325e-01
	1.585e+03	2.512e+03	-0.08	-0.04	3.812e-01
	1.585e+03	2.512e+03	-0.04	0.00	6.308e-01
	1.585e+03	2.512e+03	0.00	0.04	7.432e-01
	1.585e+03	2.512e+03	0.04	0.08	7.868e-01
	1.585e+03	2.512e+03	0.08	0.12	8.301e-01
	1.585e+03	2.512e+03	0.12	0.16	8.337e-01
	1.585e+03	2.512e+03	0.16	0.20	8.440e-01
	1.585e+03	2.512e+03	0.20	0.24	8.687e-01
	1.585e+03	2.512e+03	0.24	0.28	8.797e-01
	1.585e+03	2.512e+03	0.28	0.32	8.938e-01
	1.585e+03	2.512e+03	0.32	0.36	9.103e-01
	1.585e+03	2.512e+03	0.36	0.40	9.162e-01
	1.585e+03	2.512e+03	0.40	0.44	9.225e-01
	1.585e+03	2.512e+03	0.44	0.48	9.369e-01
	1.585e+03	2.512e+03	0.48	0.52	9.208e-01
	1.585e+03	2.512e+03	0.52	0.56	9.319e-01
	1.585e+03	2.512e+03	0.56	0.60	9.215e-01
	1.585e+03	2.512e+03	0.60	0.64	9.175e-01
	1.585e+03	2.512e+03	0.64	0.68	9.161e-01
	1.585e+03	2.512e+03	0.68	0.72	9.225e-01
	1.585e+03	2.512e+03	0.72	0.76	9.387e-01
	1.585e+03	2.512e+03	0.76	0.80	9.405e-01
	1.585e+03	2.512e+03	0.80	0.84	9.384e-01
	1.585e+03	2.512e+03	0.84	0.88	9.239e-01
	1.585e+03	2.512e+03	0.88	0.92	9.299e-01
	1.585e+03	2.512e+03	0.92	0.96	9.011e-01
	1.585e+03	2.512e+03	0.96	1.00	8.771e-01
	2.512e+03	3.981e+03	-1.00	-0.96	0.000e+00
	2.512e+03	3.981e+03	-0.96	-0.92	1.700e-05
	2.512e+03	3.981e+03	-0.92	-0.88	8.400e-05
	2.512e+03	3.981e+03	-0.88	-0.84	0.000e+00
	2.512e+03	3.981e+03	-0.84	-0.80	4.800e-05
	2.512e+03	3.981e+03	-0.80	-0.76	0.000e+00
	2.512e+03	3.981e+03	-0.76	-0.72	5.700e-05
	2.512e+03	3.981e+03	-0.72	-0.68	4.500e-05
	2.512e+03	3.981e+03	-0.68	-0.64	0.000e+00
	2.512e+03	3.981e+03	-0.64	-0.60	9.300e-05
	2.512e+03	3.981e+03	-0.60	-0.56	0.000e+00
	2.512e+03	3.981e+03	-0.56	-0.52	0.000e+00
	2.512e+03	3.981e+03	-0.52	-0.48	3.800e-05
	2.512e+03	3.981e+03	-0.48	-0.44	3.500e-05
	2.512e+03	3.981e+03	-0.44	-0.40	1.280e-04
	2.512e+03	3.981e+03	-0.40	-0.36	9.900e-05
	2.512e+03	3.981e+03	-0.36	-0.32	0.000e+00
	2.512e+03	3.981e+03	-0.32	-0.28	0.000e+00
	2.512e+03	3.981e+03	-0.28	-0.24	5.600e-05
	2.512e+03	3.981e+03	-0.24	-0.20	2.130e-04
	2.512e+03	3.981e+03	-0.20	-0.16	1.394e-03
	2.512e+03	3.981e+03	-0.16	-0.12	3.521e-02
	2.512e+03	3.981e+03	-0.12	-0.08	3.168e-01
	2.512e+03	3.981e+03	-0.08	-0.04	8.674e-01
	2.512e+03	3.981e+03	-0.04	0.00	1.405e+00
	2.512e+03	3.981e+03	0.00	0.04	1.600e+00
	2.512e+03	3.981e+03	0.04	0.08	1.720e+00
	2.512e+03	3.981e+03	0.08	0.12	1.790e+00
	2.512e+03	3.981e+03	0.12	0.16	1.834e+00
	2.512e+03	3.981e+03	0.16	0.20	1.842e+00
	2.512e+03	3.981e+03	0.20	0.24	1.870e+00
	2.512e+03	3.981e+03	0.24	0.28	1.884e+00
	2.512e+03	3.981e+03	0.28	0.32	1.902e+00
	2.512e+03	3.981e+03	0.32	0.36	1.924e+00
	2.512e+03	3.981e+03	0.36	0.40	1.928e+00
	2.512e+03	3.981e+03	0.40	0.44	1.905e+00
	2.512e+03	3.981e+03	0.44	0.48	1.949e+00
	2.512e+03	3.981e+03	0.48	0.52	1.929e+00
	2.512e+03	3.981e+03	0.52	0.56	1.926e+00
	2.512e+03	3.981e+03	0.56	0.60	1.874e+00
	2.512e+03	3.981e+03	0.60	0.64	1.925e+00
	2.512e+03	3.981e+03	0.64	0.68	1.899e+00
	2.512e+03	3.981e+03	0.68	0.72	1.887e+00
	2.512e+03	3.981e+03	0.72	0.76	1.885e+00
	2.512e+03	3.981e+03	0.76	0.80	1.929e+00
	2.512e+03	3.981e+03	0.80	0.84	1.899e+00
	2.512e+03	3.981e+03	0.84	0.88	1.896e+00
	2.512e+03	3.981e+03	0.88	0.92	1.854e+00
	2.512e+03	3.981e+03	0.92	0.96	1.813e+00
	2.512e+03	3.981e+03	0.96	1.00	1.753e+00
	3.981e+03	6.310e+03	-1.00	-0.96	1.590e-04
	3.981e+03	6.310e+03	-0.96	-0.92	5.000e-05
	3.981e+03	6.310e+03	-0.92	-0.88	0.000e+00
	3.981e+03	6.310e+03	-0.88	-0.84	5.600e-05
	3.981e+03	6.310e+03	-0.84	-0.80	0.000e+00
	3.981e+03	6.310e+03	-0.80	-0.76	0.000e+00
	3.981e+03	6.310e+03	-0.76	-0.72	5.300e-05
	3.981e+03	6.310e+03	-0.72	-0.68	3.600e-05
	3.981e+03	6.310e+03	-0.68	-0.64	0.000e+00
	3.981e+03	6.310e+03	-0.64	-0.60	0.000e+00
	3.981e+03	6.310e+03	-0.60	-0.56	0.000e+00
	3.981e+03	6.310e+03	-0.56	-0.52	0.000e+00
	3.981e+03	6.310e+03	-0.52	-0.48	0.000e+00
	3.981e+03	6.310e+03	-0.48	-0.44	1.050e-04
	3.981e+03	6.310e+03	-0.44	-0.40	1.540e-04
	3.981e+03	6.310e+03	-0.40	-0.36	1.400e-04
	3.981e+03	6.310e+03	-0.36	-0.32	1.520e-04
	3.981e+03	6.310e+03	-0.32	-0.28	0.000e+00
	3.981e+03	6.310e+03	-0.28	-0.24	3.880e-04
	3.981e+03	6.310e+03	-0.24	-0.20	7.850e-04
	3.981e+03	6.310e+03	-0.20	-0.16	3.984e-03
	3.981e+03	6.310e+03	-0.16	-0.12	1.036e-01
	3.981e+03	6.310e+03	-0.12	-0.08	7.325e-01
	3.981e+03	6.310e+03	-0.08	-0.04	1.854e+00
	3.981e+03	6.310e+03	-0.04	0.00	2.900e+00
	3.981e+03	6.310e+03	0.00	0.04	3.374e+00
	3.981e+03	6.310e+03	0.04	0.08	3.473e+00
	3.981e+03	6.310e+03	0.08	0.12	3.659e+00
	3.981e+03	6.310e+03	0.12	0.16	3.702e+00
	3.981e+03	6.310e+03	0.16	0.20	3.670e+00
	3.981e+03	6.310e+03	0.20	0.24	3.701e+00
	3.981e+03	6.310e+03	0.24	0.28	3.745e+00
	3.981e+03	6.310e+03	0.28	0.32	3.725e+00
	3.981e+03	6.310e+03	0.32	0.36	3.783e+00
	3.981e+03	6.310e+03	0.36	0.40	3.789e+00
	3.981e+03	6.310e+03	0.40	0.44	3.810e+00
	3.981e+03	6.310e+03	0.44	0.48	3.808e+00
	3.981e+03	6.310e+03	0.48	0.52	3.732e+00
	3.981e+03	6.310e+03	0.52	0.56	3.770e+00
	3.981e+03	6.310e+03	0.56	0.60	3.702e+00
	3.981e+03	6.310e+03	0.60	0.64	3.741e+00
	3.981e+03	6.310e+03	0.64	0.68	3.711e+00
	3.981e+03	6.310e+03	0.68	0.72	3.691e+00
	3.981e+03	6.310e+03	0.72	0.76	3.675e+00
	3.981e+03	6.310e+03	0.76	0.80	3.694e+00
	3.981e+03	6.310e+03	0.80	0.84	3.669e+00
	3.981e+03	6.310e+03	0.84	0.88	3.594e+00
	3.981e+03	6.310e+03	0.88	0.92	3.502e+00
	3.981e+03	6.310e+03	0.92	0.96	3.406e+00
	3.981e+03	6.310e+03	0.96	1.00	3.213e+00
	6.310e+03	1.000e+04	-1.00	-0.96	0.000e+00
	6.310e+03	1.000e+04	-0.96	-0.92	8.200e-05
	6.310e+03	1.000e+04	-0.92	-0.88	0.000e+00
	6.310e+03	1.000e+04	-0.88	-0.84	0.000e+00
	6.310e+03	1.000e+04	-0.84	-0.80	7.100e-05
	6.310e+03	1.000e+04	-0.80	-0.76	0.000e+00
	6.310e+03	1.000e+04	-0.76	-0.72	3.060e-04
	6.310e+03	1.000e+04	-0.72	-0.68	0.000e+00
	6.310e+03	1.000e+04	-0.68	-0.64	8.000e-05
	6.310e+03	1.000e+04	-0.64	-0.60	0.000e+00
	6.310e+03	1.000e+04	-0.60	-0.56	4.940e-04
	6.310e+03	1.000e+04	-0.56	-0.52	1.290e-04
	6.310e+03	1.000e+04	-0.52	-0.48	2.930e-04
	6.310e+03	1.000e+04	-0.48	-0.44	0.000e+00
	6.310e+03	1.000e+04	-0.44	-0.40	1.720e-04
	6.310e+03	1.000e+04	-0.40	-0.36	0.000e+00
	6.310e+03	1.000e+04	-0.36	-0.32	2.060e-04
	6.310e+03	1.000e+04	-0.32	-0.28	0.000e+00
	6.310e+03	1.000e+04	-0.28	-0.24	2.920e-04
	6.310e+03	1.000e+04	-0.24	-0.20	4.588e-03
	6.310e+03	1.000e+04	-0.20	-0.16	2.115e-02
	6.310e+03	1.000e+04	-0.16	-0.12	2.782e-01
	6.310e+03	1.000e+04	-0.12	-0.08	1.692e+00
	6.310e+03	1.000e+04	-0.08	-0.04	3.800e+00
	6.310e+03	1.000e+04	-0.04	0.00	5.881e+00
	6.310e+03	1.000e+04	0.00	0.04	6.503e+00
	6.310e+03	1.000e+04	0.04	0.08	6.955e+00
	6.310e+03	1.000e+04	0.08	0.12	6.889e+00
	6.310e+03	1.000e+04	0.12	0.16	7.080e+00
	6.310e+03	1.000e+04	0.16	0.20	7.037e+00
	6.310e+03	1.000e+04	0.20	0.24	7.064e+00
	6.310e+03	1.000e+04	0.24	0.28	7.015e+00
	6.310e+03	1.000e+04	0.28	0.32	7.128e+00
	6.310e+03	1.000e+04	0.32	0.36	7.164e+00
	6.310e+03	1.000e+04	0.36	0.40	7.083e+00
	6.310e+03	1.000e+04	0.40	0.44	7.104e+00
	6.310e+03	1.000e+04	0.44	0.48	6.977e+00
	6.310e+03	1.000e+04	0.48	0.52	6.860e+00
	6.310e+03	1.000e+04	0.52	0.56	6.950e+00
	6.310e+03	1.000e+04	0.56	0.60	6.956e+00
	6.310e+03	1.000e+04	0.60	0.64	6.794e+00
	6.310e+03	1.000e+04	0.64	0.68	6.686e+00
	6.310e+03	1.000e+04	0.68	0.72	6.696e+00
	6.310e+03	1.000e+04	0.72	0.76	6.649e+00
	6.310e+03	1.000e+04	0.76	0.80	6.764e+00
	6.310e+03	1.000e+04	0.80	0.84	6.619e+00
	6.310e+03	1.000e+04	0.84	0.88	6.434e+00
	6.310e+03	1.000e+04	0.88	0.92	6.233e+00
	6.310e+03	1.000e+04	0.92	0.96	6.027e+00
	6.310e+03	1.000e+04	0.96	1.00	5.789e+00
	1.000e+04	1.585e+04	-1.00	-0.96	0.000e+00
	1.000e+04	1.585e+04	-0.96	-0.92	0.000e+00
	1.000e+04	1.585e+04	-0.92	-0.88	0.000e+00
	1.000e+04	1.585e+04	-0.88	-0.84	4.250e-04
	1.000e+04	1.585e+04	-0.84	-0.80	0.000e+00
	1.000e+04	1.585e+04	-0.80	-0.76	0.000e+00
	1.000e+04	1.585e+04	-0.76	-0.72	6.020e-04
	1.000e+04	1.585e+04	-0.72	-0.68	0.000e+00
	1.000e+04	1.585e+04	-0.68	-0.64	0.000e+00
	1.000e+04	1.585e+04	-0.64	-0.60	0.000e+00
	1.000e+04	1.585e+04	-0.60	-0.56	0.000e+00
	1.000e+04	1.585e+04	-0.56	-0.52	6.820e-04
	1.000e+04	1.585e+04	-0.52	-0.48	0.000e+00
	1.000e+04	1.585e+04	-0.48	-0.44	6.460e-04
	1.000e+04	1.585e+04	-0.44	-0.40	8.850e-04
	1.000e+04	1.585e+04	-0.40	-0.36	8.170e-04
	1.000e+04	1.585e+04	-0.36	-0.32	0.000e+00
	1.000e+04	1.585e+04	-0.32	-0.28	4.434e-03
	1.000e+04	1.585e+04	-0.28	-0.24	1.319e-03
	1.000e+04	1.585e+04	-0.24	-0.20	1.344e-02
	1.000e+04	1.585e+04	-0.20	-0.16	7.355e-02
	1.000e+04	1.585e+04	-0.16	-0.12	7.545e-01
	1.000e+04	1.585e+04	-0.12	-0.08	3.519e+00
	1.000e+04	1.585e+04	-0.08	-0.04	7.426e+00
	1.000e+04	1.585e+04	-0.04	0.00	1.073e+01
	1.000e+04	1.585e+04	0.00	0.04	1.225e+01
	1.000e+04	1.585e+04	0.04	0.08	1.261e+01
	1.000e+04	1.585e+04	0.08	0.12	1.288e+01
	1.000e+04	1.585e+04	0.12	0.16	1.296e+01
	1.000e+04	1.585e+04	0.16	0.20	1.274e+01
	1.000e+04	1.585e+04	0.20	0.24	1.273e+01
	1.000e+04	1.585e+04	0.24	0.28	1.257e+01
	1.000e+04	1.585e+04	0.28	0.32	1.262e+01
	1.000e+04	1.585e+04	0.32	0.36	1.248e+01
	1.000e+04	1.585e+04	0.36	0.40	1.247e+01
	1.000e+04	1.585e+04	0.40	0.44	1.237e+01
	1.000e+04	1.585e+04	0.44	0.48	1.239e+01
	1.000e+04	1.585e+04	0.48	0.52	1.211e+01
	1.000e+04	1.585e+04	0.52	0.56	1.205e+01
	1.000e+04	1.585e+04	0.56	0.60	1.199e+01
	1.000e+04	1.585e+04	0.60	0.64	1.184e+01
	1.000e+04	1.585e+04	0.64	0.68	1.174e+01
	1.000e+04	1.585e+04	0.68	0.72	1.158e+01
	1.000e+04	1.585e+04	0.72	0.76	1.138e+01
	1.000e+04	1.585e+04	0.76	0.80	1.168e+01
	1.000e+04	1.585e+04	0.80	0.84	1.150e+01
	1.000e+04	1.585e+04	0.84	0.88	1.095e+01
	1.000e+04	1.585e+04	0.88	0.92	1.033e+01
	1.000e+04	1.585e+04	0.92	0.96	9.654e+00
	1.000e+04	1.585e+04	0.96	1.00	9.144e+00
	1.585e+04	2.512e+04	-1.00	-0.96	3.872e-03
	1.585e+04	2.512e+04	-0.96	-0.92	4.080e-04
	1.585e+04	2.512e+04	-0.92	-0.88	0.000e+00
	1.585e+04	2.512e+04	-0.88	-0.84	0.000e+00
	1.585e+04	2.512e+04	-0.84	-0.80	8.310e-04
	1.585e+04	2.512e+04	-0.80	-0.76	0.000e+00
	1.585e+04	2.512e+04	-0.76	-0.72	0.000e+00
	1.585e+04	2.512e+04	-0.72	-0.68	9.040e-04
	1.585e+04	2.512e+04	-0.68	-0.64	6.480e-04
	1.585e+04	2.512e+04	-0.64	-0.60	1.097e-03
	1.585e+04	2.512e+04	-0.60	-0.56	0.000e+00
	1.585e+04	2.512e+04	-0.56	-0.52	0.000e+00
	1.585e+04	2.512e+04	-0.52	-0.48	2.600e-03
	1.585e+04	2.512e+04	-0.48	-0.44	1.169e-03
	1.585e+04	2.512e+04	-0.44	-0.40	0.000e+00
	1.585e+04	2.512e+04	-0.40	-0.36	2.765e-03
	1.585e+04	2.512e+04	-0.36	-0.32	0.000e+00
	1.585e+04	2.512e+04	-0.32	-0.28	3.350e-03
	1.585e+04	2.512e+04	-0.28	-0.24	2.047e-02
	1.585e+04	2.512e+04	-0.24	-0.20	7.245e-02
	1.585e+04	2.512e+04	-0.20	-0.16	3.420e-01
	1.585e+04	2.512e+04	-0.16	-0.12	1.936e+00
	1.585e+04	2.512e+04	-0.12	-0.08	7.033e+00
	1.585e+04	2.512e+04	-0.08	-0.04	1.348e+01
	1.585e+04	2.512e+04	-0.04	0.00	1.962e+01
	1.585e+04	2.512e+04	0.00	0.04	2.146e+01
	1.585e+04	2.512e+04	0.04	0.08	2.226e+01
	1.585e+04	2.512e+04	0.08	0.12	2.175e+01
	1.585e+04	2.512e+04	0.12	0.16	2.190e+01
	1.585e+04	2.512e+04	0.16	0.20	2.184e+01
	1.585e+04	2.512e+04	0.20	0.24	2.122e+01
	1.585e+04	2.512e+04	0.24	0.28	2.168e+01
	1.585e+04	2.512e+04	0.28	0.32	2.088e+01
	1.585e+04	2.512e+04	0.32	0.36	2.064e+01
	1.585e+04	2.512e+04	0.36	0.40	2.076e+01
	1.585e+04	2.512e+04	0.40	0.44	2.013e+01
	1.585e+04	2.512e+04	0.44	0.48	2.044e+01
	1.585e+04	2.512e+04	0.48	0.52	1.997e+01
	1.585e+04	2.512e+04	0.52	0.56	2.044e+01
	1.585e+04	2.512e+04	0.56	0.60	1.906e+01
	1.585e+04	2.512e+04	0.60	0.64	1.896e+01
	1.585e+04	2.512e+04	0.64	0.68	1.927e+01
	1.585e+04	2.512e+04	0.68	0.72	1.905e+01
	1.585e+04	2.512e+04	0.72	0.76	1.846e+01
	1.585e+04	2.512e+04	0.76	0.80	1.777e+01
	1.585e+04	2.512e+04	0.80	0.84	1.832e+01
	1.585e+04	2.512e+04	0.84	0.88	1.687e+01
	1.585e+04	2.512e+04	0.88	0.92	1.625e+01
	1.585e+04	2.512e+04	0.92	0.96	1.479e+01
	1.585e+04	2.512e+04	0.96	1.00	1.383e+01
	2.512e+04	3.981e+04	-1.00	-0.96	5.027e-02
	2.512e+04	3.981e+04	-0.96	-0.92	9.224e-03
	2.512e+04	3.981e+04	-0.92	-0.88	3.230e-03
	2.512e+04	3.981e+04	-0.88	-0.84	4.036e-03
	2.512e+04	3.981e+04	-0.84	-0.80	1.339e-03
	2.512e+04	3.981e+04	-0.80	-0.76	3.971e-03
	2.512e+04	3.981e+04	-0.76	-0.72	1.017e-03
	2.512e+04	3.981e+04	-0.72	-0.68	1.876e-03
	2.512e+04	3.981e+04	-0.68	-0.64	1.415e-03
	2.512e+04	3.981e+04	-0.64	-0.60	2.610e-03
	2.512e+04	3.981e+04	-0.60	-0.56	6.364e-03
	2.512e+04	3.981e+04	-0.56	-0.52	1.043e-03
	2.512e+04	3.981e+04	-0.52	-0.48	8.717e-03
	2.512e+04	3.981e+04	-0.48	-0.44	7.731e-03
	2.512e+04	3.981e+04	-0.44	-0.40	5.647e-03
	2.512e+04	3.981e+04	-0.40	-0.36	1.060e-02
	2.512e+04	3.981e+04	-0.36	-0.32	1.070e-02
	2.512e+04	3.981e+04	-0.32	-0.28	8.983e-02
	2.512e+04	3.981e+04	-0.28	-0.24	1.518e-01
	2.512e+04	3.981e+04	-0.24	-0.20	4.106e-01
	2.512e+04	3.981e+04	-0.20	-0.16	1.240e+00
	2.512e+04	3.981e+04	-0.16	-0.12	4.860e+00
	2.512e+04	3.981e+04	-0.12	-0.08	1.323e+01
	2.512e+04	3.981e+04	-0.08	-0.04	2.382e+01
	2.512e+04	3.981e+04	-0.04	0.00	3.273e+01
	2.512e+04	3.981e+04	0.00	0.04	3.669e+01
	2.512e+04	3.981e+04	0.04	0.08	3.558e+01
	2.512e+04	3.981e+04	0.08	0.12	3.690e+01
	2.512e+04	3.981e+04	0.12	0.16	3.522e+01
	2.512e+04	3.981e+04	0.16	0.20	3.402e+01
	2.512e+04	3.981e+04	0.20	0.24	3.544e+01
	2.512e+04	3.981e+04	0.24	0.28	3.468e+01
	2.512e+04	3.981e+04	0.28	0.32	3.397e+01
	2.512e+04	3.981e+04	0.32	0.36	3.339e+01
	2.512e+04	3.981e+04	0.36	0.40	3.298e+01
	2.512e+04	3.981e+04	0.40	0.44	3.173e+01
	2.512e+04	3.981e+04	0.44	0.48	3.252e+01
	2.512e+04	3.981e+04	0.48	0.52	3.188e+01
	2.512e+04	3.981e+04	0.52	0.56	3.089e+01
	2.512e+04	3.981e+04	0.56	0.60	3.043e+01
	2.512e+04	3.981e+04	0.60	0.64	2.993e+01
	2.512e+04	3.981e+04	0.64	0.68	2.823e+01
	2.512e+04	3.981e+04	0.68	0.72	2.892e+01
	2.512e+04	3.981e+04	0.72	0.76	2.803e+01
	2.512e+04	3.981e+04	0.76	0.80	2.726e+01
	2.512e+04	3.981e+04	0.80	0.84	2.733e+01
	2.512e+04	3.981e+04	0.84	0.88	2.441e+01
	2.512e+04	3.981e+04	0.88	0.92	2.255e+01
	2.512e+04	3.981e+04	0.92	0.96	2.089e+01
	2.512e+04	3.981e+04	0.96	1.00	1.887e+01
	3.981e+04	6.310e+04	-1.00	-0.96	2.717e-01
	3.981e+04	6.310e+04	-0.96	-0.92	7.176e-02
	3.981e+04	6.310e+04	-0.92	-0.88	3.887e-02
	3.981e+04	6.310e+04	-0.88	-0.84	2.624e-02
	3.981e+04	6.310e+04	-0.84	-0.80	2.249e-02
	3.981e+04	6.310e+04	-0.80	-0.76	2.480e-02
	3.981e+04	6.310e+04	-0.76	-0.72	4.719e-03
	3.981e+04	6.310e+04	-0.72	-0.68	3.384e-02
	3.981e+04	6.310e+04	-0.68	-0.64	7.839e-03
	3.981e+04	6.310e+04	-0.64	-0.60	2.958e-02
	3.981e+04	6.310e+04	-0.60	-0.56	3.006e-02
	3.981e+04	6.310e+04	-0.56	-0.52	3.357e-02
	3.981e+04	6.310e+04	-0.52	-0.48	4.507e-02
	3.981e+04	6.310e+04	-0.48	-0.44	4.521e-02
	3.981e+04	6.310e+04	-0.44	-0.40	6.444e-02
	3.981e+04	6.310e+04	-0.40	-0.36	1.120e-01
	3.981e+04	6.310e+04	-0.36	-0.32	2.062e-01
	3.981e+04	6.310e+04	-0.32	-0.28	5.005e-01
	3.981e+04	6.310e+04	-0.28	-0.24	1.125e+00
	3.981e+04	6.310e+04	-0.24	-0.20	1.834e+00
	3.981e+04	6.310e+04	-0.20	-0.16	3.994e+00
	3.981e+04	6.310e+04	-0.16	-0.12	1.017e+01
	3.981e+04	6.310e+04	-0.12	-0.08	2.307e+01
	3.981e+04	6.310e+04	-0.08	-0.04	3.891e+01
	3.981e+04	6.310e+04	-0.04	0.00	5.482e+01
	3.981e+04	6.310e+04	0.00	0.04	5.759e+01
	3.981e+04	6.310e+04	0.04	0.08	5.878e+01
	3.981e+04	6.310e+04	0.08	0.12	5.660e+01
	3.981e+04	6.310e+04	0.12	0.16	5.540e+01
	3.981e+04	6.310e+04	0.16	0.20	5.423e+01
	3.981e+04	6.310e+04	0.20	0.24	5.362e+01
	3.981e+04	6.310e+04	0.24	0.28	5.233e+01
	3.981e+04	6.310e+04	0.28	0.32	5.154e+01
	3.981e+04	6.310e+04	0.32	0.36	5.100e+01
	3.981e+04	6.310e+04	0.36	0.40	4.927e+01
	3.981e+04	6.310e+04	0.40	0.44	4.762e+01
	3.981e+04	6.310e+04	0.44	0.48	4.909e+01
	3.981e+04	6.310e+04	0.48	0.52	4.720e+01
	3.981e+04	6.310e+04	0.52	0.56	4.523e+01
	3.981e+04	6.310e+04	0.56	0.60	4.435e+01
	3.981e+04	6.310e+04	0.60	0.64	4.522e+01
	3.981e+04	6.310e+04	0.64	0.68	4.237e+01
	3.981e+04	6.310e+04	0.68	0.72	4.121e+01
	3.981e+04	6.310e+04	0.72	0.76	3.876e+01
	3.981e+04	6.310e+04	0.76	0.80	3.947e+01
	3.981e+04	6.310e+04	0.80	0.84	3.698e+01
	3.981e+04	6.310e+04	0.84	0.88	3.370e+01
	3.981e+04	6.310e+04	0.88	0.92	3.025e+01
	3.981e+04	6.310e+04	0.92	0.96	2.655e+01
	3.981e+04	6.310e+04	0.96	1.00	2.471e+01
	6.310e+04	1.000e+05	-1.00	-0.96	1.214e+00
	6.310e+04	1.000e+05	-0.96	-0.92	3.826e-01
	6.310e+04	1.000e+05	-0.92	-0.88	2.586e-01
	6.310e+04	1.000e+05	-0.88	-0.84	2.077e-01
	6.310e+04	1.000e+05	-0.84	-0.80	1.896e-01
	6.310e+04	1.000e+05	-0.80	-0.76	1.581e-01
	6.310e+04	1.000e+05	-0.76	-0.72	1.741e-01
	6.310e+04	1.000e+05	-0.72	-0.68	1.285e-01
	6.310e+04	1.000e+05	-0.68	-0.64	1.275e-01
	6.310e+04	1.000e+05	-0.64	-0.60	1.845e-01
	6.310e+04	1.000e+05	-0.60	-0.56	1.717e-01
	6.310e+04	1.000e+05	-0.56	-0.52	3.073e-01
	6.310e+04	1.000e+05	-0.52	-0.48	2.674e-01
	6.310e+04	1.000e+05	-0.48	-0.44	3.384e-01
	6.310e+04	1.000e+05	-0.44	-0.40	6.285e-01
	6.310e+04	1.000e+05	-0.40	-0.36	7.856e-01
	6.310e+04	1.000e+05	-0.36	-0.32	1.364e+00
	6.310e+04	1.000e+05	-0.32	-0.28	2.722e+00
	6.310e+04	1.000e+05	-0.28	-0.24	3.596e+00
	6.310e+04	1.000e+05	-0.24	-0.20	5.873e+00
	6.310e+04	1.000e+05	-0.20	-0.16	1.066e+01
	6.310e+04	1.000e+05	-0.16	-0.12	2.109e+01
	6.310e+04	1.000e+05	-0.12	-0.08	4.150e+01
	6.310e+04	1.000e+05	-0.08	-0.04	6.417e+01
	6.310e+04	1.000e+05	-0.04	0.00	8.325e+01
	6.310e+04	1.000e+05	0.00	0.04	8.751e+01
	6.310e+04	1.000e+05	0.04	0.08	9.028e+01
	6.310e+04	1.000e+05	0.08	0.12	8.643e+01
	6.310e+04	1.000e+05	0.12	0.16	8.433e+01
	6.310e+04	1.000e+05	0.16	0.20	8.184e+01
	6.310e+04	1.000e+05	0.20	0.24	7.743e+01
	6.310e+04	1.000e+05	0.24	0.28	7.772e+01
	6.310e+04	1.000e+05	0.28	0.32	7.601e+01
	6.310e+04	1.000e+05	0.32	0.36	7.478e+01
	6.310e+04	1.000e+05	0.36	0.40	7.205e+01
	6.310e+04	1.000e+05	0.40	0.44	7.011e+01
	6.310e+04	1.000e+05	0.44	0.48	7.118e+01
	6.310e+04	1.000e+05	0.48	0.52	6.769e+01
	6.310e+04	1.000e+05	0.52	0.56	6.463e+01
	6.310e+04	1.000e+05	0.56	0.60	6.193e+01
	6.310e+04	1.000e+05	0.60	0.64	6.054e+01
	6.310e+04	1.000e+05	0.64	0.68	5.846e+01
	6.310e+04	1.000e+05	0.68	0.72	5.604e+01
	6.310e+04	1.000e+05	0.72	0.76	5.453e+01
	6.310e+04	1.000e+05	0.76	0.80	5.323e+01
	6.310e+04	1.000e+05	0.80	0.84	4.962e+01
	6.310e+04	1.000e+05	0.84	0.88	4.412e+01
	6.310e+04	1.000e+05	0.88	0.92	3.704e+01
	6.310e+04	1.000e+05	0.92	0.96	3.221e+01
	6.310e+04	1.000e+05	0.96	1.00	2.802e+01
	1.000e+05	1.585e+05	-1.00	-0.96	3.894e+00
	1.000e+05	1.585e+05	-0.96	-0.92	1.712e+00
	1.000e+05	1.585e+05	-0.92	-0.88	1.135e+00
	1.000e+05	1.585e+05	-0.88	-0.84	9.028e-01
	1.000e+05	1.585e+05	-0.84	-0.80	7.480e-01
	1.000e+05	1.585e+05	-0.80	-0.76	8.216e-01
	1.000e+05	1.585e+05	-0.76	-0.72	8.506e-01
	1.000e+05	1.585e+05	-0.72	-0.68	8.535e-01
	1.000e+05	1.585e+05	-0.68	-0.64	1.056e+00
	1.000e+05	1.585e+05	-0.64	-0.60	1.109e+00
	1.000e+05	1.585e+05	-0.60	-0.56	1.193e+00
	1.000e+05	1.585e+05	-0.56	-0.52	1.339e+00
	1.000e+05	1.585e+05	-0.52	-0.48	1.684e+00
	1.000e+05	1.585e+05	-0.48	-0.44	2.270e+00
	1.000e+05	1.585e+05	-0.44	-0.40	2.848e+00
	1.000e+05	1.585e+05	-0.40	-0.36	3.733e+00
	1.000e+05	1.585e+05	-0.36	-0.32	5.572e+00
	1.000e+05	1.585e+05	-0.32	-0.28	9.578e+00
	1.000e+05	1.585e+05	-0.28	-0.24	1.130e+01
	1.000e+05	1.585e+05	-0.24	-0.20	1.641e+01
	1.000e+05	1.585e+05	-0.20	-0.16	2.375e+01
	1.000e+05	1.585e+05	-0.16	-0.12	4.050e+01
	1.000e+05	1.585e+05	-0.12	-0.08	6.888e+01
	1.000e+05	1.585e+05	-0.08	-0.04	9.555e+01
	1.000e+05	1.585e+05	-0.04	0.00	1.218e+02
	1.000e+05	1.585e+05	0.00	0.04	1.287e+02
	1.000e+05	1.585e+05	0.04	0.08	1.330e+02
	1.000e+05	1.585e+05	0.08	0.12	1.219e+02
	1.000e+05	1.585e+05	0.12	0.16	1.213e+02
	1.000e+05	1.585e+05	0.16	0.20	1.170e+02
	1.000e+05	1.585e+05	0.20	0.24	1.102e+02
	1.000e+05	1.585e+05	0.24	0.28	1.063e+02
	1.000e+05	1.585e+05	0.28	0.32	1.078e+02
	1.000e+05	1.585e+05	0.32	0.36	1.026e+02
	1.000e+05	1.585e+05	0.36	0.40	1.014e+02
	1.000e+05	1.585e+05	0.40	0.44	9.631e+01
	1.000e+05	1.585e+05	0.44	0.48	9.560e+01
	1.000e+05	1.585e+05	0.48	0.52	8.836e+01
	1.000e+05	1.585e+05	0.52	0.56	8.685e+01
	1.000e+05	1.585e+05	0.56	0.60	8.187e+01
	1.000e+05	1.585e+05	0.60	0.64	7.905e+01
	1.000e+05	1.585e+05	0.64	0.68	7.697e+01
	1.000e+05	1.585e+05	0.68	0.72	7.258e+01
	1.000e+05	1.585e+05	0.72	0.76	7.134e+01
	1.000e+05	1.585e+05	0.76	0.80	6.796e+01
	1.000e+05	1.585e+05	0.80	0.84	6.296e+01
	1.000e+05	1.585e+05	0.84	0.88	5.117e+01
	1.000e+05	1.585e+05	0.88	0.92	4.401e+01
	1.000e+05	1.585e+05	0.92	0.96	3.527e+01
	1.000e+05	1.585e+05	0.96	1.00	3.022e+01
	1.585e+05	2.512e+05	-1.00	-0.96	1.043e+01
	1.585e+05	2.512e+05	-0.96	-0.92	5.842e+00
	1.585e+05	2.512e+05	-0.92	-0.88	4.442e+00
	1.585e+05	2.512e+05	-0.88	-0.84	3.623e+00
	1.585e+05	2.512e+05	-0.84	-0.80	3.784e+00
	1.585e+05	2.512e+05	-0.80	-0.76	3.308e+00
	1.585e+05	2.512e+05	-0.76	-0.72	3.559e+00
	1.585e+05	2.512e+05	-0.72	-0.68	3.413e+00
	1.585e+05	2.512e+05	-0.68	-0.64	4.146e+00
	1.585e+05	2.512e+05	-0.64	-0.60	4.110e+00
	1.585e+05	2.512e+05	-0.60	-0.56	5.070e+00
	1.585e+05	2.512e+05	-0.56	-0.52	4.982e+00
	1.585e+05	2.512e+05	-0.52	-0.48	6.900e+00
	1.585e+05	2.512e+05	-0.48	-0.44	8.293e+00
	1.585e+05	2.512e+05	-0.44	-0.40	9.868e+00
	1.585e+05	2.512e+05	-0.40	-0.36	1.174e+01
	1.585e+05	2.512e+05	-0.36	-0.32	1.455e+01
	1.585e+05	2.512e+05	-0.32	-0.28	2.154e+01
	1.585e+05	2.512e+05	-0.28	-0.24	2.650e+01
	1.585e+05	2.512e+05	-0.24	-0.20	3.597e+01
	1.585e+05	2.512e+05	-0.20	-0.16	4.737e+01
	1.585e+05	2.512e+05	-0.16	-0.12	6.520e+01
	1.585e+05	2.512e+05	-0.12	-0.08	1.076e+02
	1.585e+05	2.512e+05	-0.08	-0.04	1.474e+02
	1.585e+05	2.512e+05	-0.04	0.00	1.850e+02
	1.585e+05	2.512e+05	0.00	0.04	1.933e+02
	1.585e+05	2.512e+05	0.04	0.08	1.870e+02
	1.585e+05	2.512e+05	0.08	0.12	1.762e+02
	1.585e+05	2.512e+05	0.12	0.16	1.694e+02
	1.585e+05	2.512e+05	0.16	0.20	1.699e+02
	1.585e+05	2.512e+05	0.20	0.24	1.568e+02
	1.585e+05	2.512e+05	0.24	0.28	1.517e+02
	1.585e+05	2.512e+05	0.28	0.32	1.463e+02
	1.585e+05	2.512e+05	0.32	0.36	1.425e+02
	1.585e+05	2.512e+05	0.36	0.40	1.368e+02
	1.585e+05	2.512e+05	0.40	0.44	1.333e+02
	1.585e+05	2.512e+05	0.44	0.48	1.219e+02
	1.585e+05	2.512e+05	0.48	0.52	1.141e+02
	1.585e+05	2.512e+05	0.52	0.56	1.131e+02
	1.585e+05	2.512e+05	0.56	0.60	1.070e+02
	1.585e+05	2.512e+05	0.60	0.64	1.003e+02
	1.585e+05	2.512e+05	0.64	0.68	9.569e+01
	1.585e+05	2.512e+05	0.68	0.72	8.753e+01
	1.585e+05	2.512e+05	0.72	0.76	8.255e+01
	1.585e+05	2.512e+05	0.76	0.80	7.948e+01
	1.585e+05	2.512e+05	0.80	0.84	7.342e+01
	1.585e+05	2.512e+05	0.84	0.88	5.881e+01
	1.585e+05	2.512e+05	0.88	0.92	4.238e+01
	1.585e+05	2.512e+05	0.92	0.96	3.508e+01
	1.585e+05	2.512e+05	0.96	1.00	2.834e+01
	2.512e+05	3.981e+05	-1.00	-0.96	2.207e+01
	2.512e+05	3.981e+05	-0.96	-0.92	1.471e+01
	2.512e+05	3.981e+05	-0.92	-0.88	1.308e+01
	2.512e+05	3.981e+05	-0.88	-0.84	1.097e+01
	2.512e+05	3.981e+05	-0.84	-0.80	9.861e+00
	2.512e+05	3.981e+05	-0.80	-0.76	1.035e+01
	2.512e+05	3.981e+05	-0.76	-0.72	9.491e+00
	2.512e+05	3.981e+05	-0.72	-0.68	1.071e+01
	2.512e+05	3.981e+05	-0.68	-0.64	1.085e+01
	2.512e+05	3.981e+05	-0.64	-0.60	1.102e+01
	2.512e+05	3.981e+05	-0.60	-0.56	1.374e+01
	2.512e+05	3.981e+05	-0.56	-0.52	1.704e+01
	2.512e+05	3.981e+05	-0.52	-0.48	1.896e+01
	2.512e+05	3.981e+05	-0.48	-0.44	2.177e+01
	2.512e+05	3.981e+05	-0.44	-0.40	2.480e+01
	2.512e+05	3.981e+05	-0.40	-0.36	2.981e+01
	2.512e+05	3.981e+05	-0.36	-0.32	3.543e+01
	2.512e+05	3.981e+05	-0.32	-0.28	4.633e+01
	2.512e+05	3.981e+05	-0.28	-0.24	5.402e+01
	2.512e+05	3.981e+05	-0.24	-0.20	6.535e+01
	2.512e+05	3.981e+05	-0.20	-0.16	8.129e+01
	2.512e+05	3.981e+05	-0.16	-0.12	1.189e+02
	2.512e+05	3.981e+05	-0.12	-0.08	1.670e+02
	2.512e+05	3.981e+05	-0.08	-0.04	2.164e+02
	2.512e+05	3.981e+05	-0.04	0.00	2.604e+02
	2.512e+05	3.981e+05	0.00	0.04	2.711e+02
	2.512e+05	3.981e+05	0.04	0.08	2.674e+02
	2.512e+05	3.981e+05	0.08	0.12	2.538e+02
	2.512e+05	3.981e+05	0.12	0.16	2.298e+02
	2.512e+05	3.981e+05	0.16	0.20	2.224e+02
	2.512e+05	3.981e+05	0.20	0.24	2.084e+02
	2.512e+05	3.981e+05	0.24	0.28	2.021e+02
	2.512e+05	3.981e+05	0.28	0.32	1.966e+02
	2.512e+05	3.981e+05	0.32	0.36	1.828e+02
	2.512e+05	3.981e+05	0.36	0.40	1.741e+02
	2.512e+05	3.981e+05	0.40	0.44	1.690e+02
	2.512e+05	3.981e+05	0.44	0.48	1.510e+02
	2.512e+05	3.981e+05	0.48	0.52	1.455e+02
	2.512e+05	3.981e+05	0.52	0.56	1.365e+02
	2.512e+05	3.981e+05	0.56	0.60	1.213e+02
	2.512e+05	3.981e+05	0.60	0.64	1.084e+02
	2.512e+05	3.981e+05	0.64	0.68	1.060e+02
	2.512e+05	3.981e+05	0.68	0.72	1.005e+02
	2.512e+05	3.981e+05	0.72	0.76	9.585e+01
	2.512e+05	3.981e+05	0.76	0.80	8.459e+01
	2.512e+05	3.981e+05	0.80	0.84	8.080e+01
	2.512e+05	3.981e+05	0.84	0.88	5.795e+01
	2.512e+05	3.981e+05	0.88	0.92	3.768e+01
	2.512e+05	3.981e+05	0.92	0.96	3.069e+01
	2.512e+05	3.981e+05	0.96	1.00	2.521e+01
	3.981e+05	6.310e+05	-1.00	-0.96	4.085e+01
	3.981e+05	6.310e+05	-0.96	-0.92	3.161e+01
	3.981e+05	6.310e+05	-0.92	-0.88	2.734e+01
	3.981e+05	6.310e+05	-0.88	-0.84	2.474e+01
	3.981e+05	6.310e+05	-0.84	-0.80	2.489e+01
	3.981e+05	6.310e+05	-0.80	-0.76	2.412e+01
	3.981e+05	6.310e+05	-0.76	-0.72	2.437e+01
	3.981e+05	6.310e+05	-0.72	-0.68	2.448e+01
	3.981e+05	6.310e+05	-0.68	-0.64	2.620e+01
	3.981e+05	6.310e+05	-0.64	-0.60	2.991e+01
	3.981e+05	6.310e+05	-0.60	-0.56	3.420e+01
	3.981e+05	6.310e+05	-0.56	-0.52	3.758e+01
	3.981e+05	6.310e+05	-0.52	-0.48	4.088e+01
	3.981e+05	6.310e+05	-0.48	-0.44	4.583e+01
	3.981e+05	6.310e+05	-0.44	-0.40	5.303e+01
	3.981e+05	6.310e+05	-0.40	-0.36	6.087e+01
	3.981e+05	6.310e+05	-0.36	-0.32	7.097e+01
	3.981e+05	6.310e+05	-0.32	-0.28	8.446e+01
	3.981e+05	6.310e+05	-0.28	-0.24	1.006e+02
	3.981e+05	6.310e+05	-0.24	-0.20	1.116e+02
	3.981e+05	6.310e+05	-0.20	-0.16	1.322e+02
	3.981e+05	6.310e+05	-0.16	-0.12	1.798e+02
	3.981e+05	6.310e+05	-0.12	-0.08	2.413e+02
	3.981e+05	6.310e+05	-0.08	-0.04	3.093e+02
	3.981e+05	6.310e+05	-0.04	0.00	3.545e+02
	3.981e+05	6.310e+05	0.00	0.04	3.777e+02
	3.981e+05	6.310e+05	0.04	0.08	3.694e+02
	3.981e+05	6.310e+05	0.08	0.12	3.405e+02
	3.981e+05	6.310e+05	0.12	0.16	3.011e+02
	3.981e+05	6.310e+05	0.16	0.20	2.938e+02
	3.981e+05	6.310e+05	0.20	0.24	2.729e+02
	3.981e+05	6.310e+05	0.24	0.28	2.643e+02
	3.981e+05	6.310e+05	0.28	0.32	2.532e+02
	3.981e+05	6.310e+05	0.32	0.36	2.300e+02
	3.981e+05	6.310e+05	0.36	0.40	2.112e+02
	3.981e+05	6.310e+05	0.40	0.44	2.040e+02
	3.981e+05	6.310e+05	0.44	0.48	1.839e+02
	3.981e+05	6.310e+05	0.48	0.52	1.650e+02
	3.981e+05	6.310e+05	0.52	0.56	1.600e+02
	3.981e+05	6.310e+05	0.56	0.60	1.421e+02
	3.981e+05	6.310e+05	0.60	0.64	1.311e+02
	3.981e+05	6.310e+05	0.64	0.68	1.227e+02
	3.981e+05	6.310e+05	0.68	0.72	1.104e+02
	3.981e+05	6.310e+05	0.72	0.76	1.038e+02
	3.981e+05	6.310e+05	0.76	0.80	8.764e+01
	3.981e+05	6.310e+05	0.80	0.84	8.189e+01
	3.981e+05	6.310e+05	0.84	0.88	4.956e+01
	3.981e+05	6.310e+05	0.88	0.92	3.458e+01
	3.981e+05	6.310e+05	0.92	0.96	2.546e+01
	3.981e+05	6.310e+05	0.96	1.00	1.741e+01
	6.310e+05	1.000e+06	-1.00	-0.96	6.381e+01
	6.310e+05	1.000e+06	-0.96	-0.92	5.494e+01
	6.310e+05	1.000e+06	-0.92	-0.88	5.142e+01
	6.310e+05	1.000e+06	-0.88	-0.84	4.749e+01
	6.310e+05	1.000e+06	-0.84	-0.80	4.790e+01
	6.310e+05	1.000e+06	-0.80	-0.76	4.536e+01
	6.310e+05	1.000e+06	-0.76	-0.72	4.623e+01
	6.310e+05	1.000e+06	-0.72	-0.68	5.018e+01
	6.310e+05	1.000e+06	-0.68	-0.64	5.310e+01
	6.310e+05	1.000e+06	-0.64	-0.60	5.773e+01
	6.310e+05	1.000e+06	-0.60	-0.56	6.313e+01
	6.310e+05	1.000e+06	-0.56	-0.52	7.081e+01
	6.310e+05	1.000e+06	-0.52	-0.48	7.717e+01
	6.310e+05	1.000e+06	-0.48	-0.44	9.178e+01
	6.310e+05	1.000e+06	-0.44	-0.40	9.769e+01
	6.310e+05	1.000e+06	-0.40	-0.36	1.039e+02
	6.310e+05	1.000e+06	-0.36	-0.32	1.210e+02
	6.310e+05	1.000e+06	-0.32	-0.28	1.390e+02
	6.310e+05	1.000e+06	-0.28	-0.24	1.582e+02
	6.310e+05	1.000e+06	-0.24	-0.20	1.779e+02
	6.310e+05	1.000e+06	-0.20	-0.16	2.115e+02
	6.310e+05	1.000e+06	-0.16	-0.12	2.632e+02
	6.310e+05	1.000e+06	-0.12	-0.08	3.454e+02
	6.310e+05	1.000e+06	-0.08	-0.04	4.252e+02
	6.310e+05	1.000e+06	-0.04	0.00	4.944e+02
	6.310e+05	1.000e+06	0.00	0.04	5.222e+02
	6.310e+05	1.000e+06	0.04	0.08	4.887e+02
	6.310e+05	1.000e+06	0.08	0.12	4.268e+02
	6.310e+05	1.000e+06	0.12	0.16	3.850e+02
	6.310e+05	1.000e+06	0.16	0.20	3.829e+02
	6.310e+05	1.000e+06	0.20	0.24	3.521e+02
	6.310e+05	1.000e+06	0.24	0.28	3.201e+02
	6.310e+05	1.000e+06	0.28	0.32	3.119e+02
	6.310e+05	1.000e+06	0.32	0.36	2.884e+02
	6.310e+05	1.000e+06	0.36	0.40	2.565e+02
	6.310e+05	1.000e+06	0.40	0.44	2.275e+02
	6.310e+05	1.000e+06	0.44	0.48	2.107e+02
	6.310e+05	1.000e+06	0.48	0.52	1.915e+02
	6.310e+05	1.000e+06	0.52	0.56	1.672e+02
	6.310e+05	1.000e+06	0.56	0.60	1.581e+02
	6.310e+05	1.000e+06	0.60	0.64	1.329e+02
	6.310e+05	1.000e+06	0.64	0.68	1.248e+02
	6.310e+05	1.000e+06	0.68	0.72	1.131e+02
	6.310e+05	1.000e+06	0.72	0.76	9.171e+01
	6.310e+05	1.000e+06	0.76	0.80	7.852e+01
	6.310e+05	1.000e+06	0.80	0.84	7.821e+01
	6.310e+05	1.000e+06	0.84	0.88	4.232e+01
	6.310e+05	1.000e+06	0.88	0.92	2.909e+01
	6.310e+05	1.000e+06	0.92	0.96	1.919e+01
	6.310e+05	1.000e+06	0.96	1.00	1.199e+01
	1.000e+06	1.585e+06	-1.00	-0.96	9.137e+01
	1.000e+06	1.585e+06	-0.96	-0.92	8.441e+01
	1.000e+06	1.585e+06	-0.92	-0.88	8.083e+01
	1.000e+06	1.585e+06	-0.88	-0.84	8.015e+01
	1.000e+06	1.585e+06	-0.84	-0.80	7.793e+01
	1.000e+06	1.585e+06	-0.80	-0.76	8.079e+01
	1.000e+06	1.585e+06	-0.76	-0.72	8.401e+01
	1.000e+06	1.585e+06	-0.72	-0.68	8.923e+01
	1.000e+06	1.585e+06	-0.68	-0.64	8.954e+01
	1.000e+06	1.585e+06	-0.64	-0.60	9.792e+01
	1.000e+06	1.585e+06	-0.60	-0.56	1.087e+02
	1.000e+06	1.585e+06	-0.56	-0.52	1.220e+02
	1.000e+06	1.585e+06	-0.52	-0.48	1.317e+02
	1.000e+06	1.585e+06	-0.48	-0.44	1.443e+02
	1.000e+06	1.585e+06	-0.44	-0.40	1.601e+02
	1.000e+06	1.585e+06	-0.40	-0.36	1.747e+02
	1.000e+06	1.585e+06	-0.36	-0.32	1.876e+02
	1.000e+06	1.585e+06	-0.32	-0.28	2.178e+02
	1.000e+06	1.585e+06	-0.28	-0.24	2.392e+02
	1.000e+06	1.585e+06	-0.24	-0.20	2.803e+02
	1.000e+06	1.585e+06	-0.20	-0.16	3.234e+02
	1.000e+06	1.585e+06	-0.16	-0.12	3.978e+02
	1.000e+06	1.585e+06	-0.12	-0.08	4.961e+02
	1.000e+06	1.585e+06	-0.08	-0.04	5.783e+02
	1.000e+06	1.585e+06	-0.04	0.00	6.853e+02
	1.000e+06	1.585e+06	0.00	0.04	7.133e+02
	1.000e+06	1.585e+06	0.04	0.08	6.327e+02
	1.000e+06	1.585e+06	0.08	0.12	5.699e+02
	1.000e+06	1.585e+06	0.12	0.16	5.114e+02
	1.000e+06	1.585e+06	0.16	0.20	4.570e+02
	1.000e+06	1.585e+06	0.20	0.24	4.402e+02
	1.000e+06	1.585e+06	0.24	0.28	4.060e+02
	1.000e+06	1.585e+06	0.28	0.32	3.708e+02
	1.000e+06	1.585e+06	0.32	0.36	3.245e+02
	1.000e+06	1.585e+06	0.36	0.40	2.985e+02
	1.000e+06	1.585e+06	0.40	0.44	2.639e+02
	1.000e+06	1.585e+06	0.44	0.48	2.336e+02
	1.000e+06	1.585e+06	0.48	0.52	2.052e+02
	1.000e+06	1.585e+06	0.52	0.56	1.670e+02
	1.000e+06	1.585e+06	0.56	0.60	1.442e+02
	1.000e+06	1.585e+06	0.60	0.64	1.348e+02
	1.000e+06	1.585e+06	0.64	0.68	1.159e+02
	1.000e+06	1.585e+06	0.68	0.72	1.047e+02
	1.000e+06	1.585e+06	0.72	0.76	8.633e+01
	1.000e+06	1.585e+06	0.76	0.80	7.452e+01
	1.000e+06	1.585e+06	0.80	0.84	7.016e+01
	1.000e+06	1.585e+06	0.84	0.88	3.328e+01
	1.000e+06	1.585e+06	0.88	0.92	1.849e+01
	1.000e+06	1.585e+06	0.92	0.96	1.299e+01
	1.000e+06	1.585e+06	0.96	1.00	7.030e+00
	1.585e+06	2.512e+06	-1.00	-0.96	1.243e+02
	1.585e+06	2.512e+06	-0.96	-0.92	1.208e+02
	1.585e+06	2.512e+06	-0.92	-0.88	1.175e+02
	1.585e+06	2.512e+06	-0.88	-0.84	1.201e+02
	1.585e+06	2.512e+06	-0.84	-0.80	1.215e+02
	1.585e+06	2.512e+06	-0.80	-0.76	1.278e+02
	1.585e+06	2.512e+06	-0.76	-0.72	1.327e+02
	1.585e+06	2.512e+06	-0.72	-0.68	1.368e+02
	1.585e+06	2.512e+06	-0.68	-0.64	1.478e+02
	1.585e+06	2.512e+06	-0.64	-0.60	1.592e+02
	1.585e+06	2.512e+06	-0.60	-0.56	1.720e+02
	1.585e+06	2.512e+06	-0.56	-0.52	1.799e+02
	1.585e+06	2.512e+06	-0.52	-0.48	2.004e+02
	1.585e+06	2.512e+06	-0.48	-0.44	2.103e+02
	1.585e+06	2.512e+06	-0.44	-0.40	2.333e+02
	1.585e+06	2.512e+06	-0.40	-0.36	2.497e+02
	1.585e+06	2.512e+06	-0.36	-0.32	2.769e+02
	1.585e+06	2.512e+06	-0.32	-0.28	3.075e+02
	1.585e+06	2.512e+06	-0.28	-0.24	3.470e+02
	1.585e+06	2.512e+06	-0.24	-0.20	3.794e+02
	1.585e+06	2.512e+06	-0.20	-0.16	4.465e+02
	1.585e+06	2.512e+06	-0.16	-0.12	5.454e+02
	1.585e+06	2.512e+06	-0.12	-0.08	6.765e+02
	1.585e+06	2.512e+06	-0.08	-0.04	7.647e+02
	1.585e+06	2.512e+06	-0.04	0.00	8.970e+02
	1.585e+06	2.512e+06	0.00	0.04	9.173e+02
	1.585e+06	2.512e+06	0.04	0.08	8.252e+02
	1.585e+06	2.512e+06	0.08	0.12	7.581e+02
	1.585e+06	2.512e+06	0.12	0.16	6.517e+02
	1.585e+06	2.512e+06	0.16	0.20	5.711e+02
	1.585e+06	2.512e+06	0.20	0.24	4.896e+02
	1.585e+06	2.512e+06	0.24	0.28	4.623e+02
	1.585e+06	2.512e+06	0.28	0.32	4.149e+02
	1.585e+06	2.512e+06	0.32	0.36	3.744e+02
	1.585e+06	2.512e+06	0.36	0.40	3.306e+02
	1.585e+06	2.512e+06	0.40	0.44	2.707e+02
	1.585e+06	2.512e+06	0.44	0.48	2.508e+02
	1.585e+06	2.512e+06	0.48	0.52	2.123e+02
	1.585e+06	2.512e+06	0.52	0.56	1.824e+02
	1.585e+06	2.512e+06	0.56	0.60	1.391e+02
	1.585e+06	2.512e+06	0.60	0.64	1.219e+02
	1.585e+06	2.512e+06	0.64	0.68	9.753e+01
	1.585e+06	2.512e+06	0.68	0.72	9.002e+01
	1.585e+06	2.512e+06	0.72	0.76	7.280e+01
	1.585e+06	2.512e+06	0.76	0.80	6.600e+01
	1.585e+06	2.512e+06	0.80	0.84	5.002e+01
	1.585e+06	2.512e+06	0.84	0.88	2.580e+01
	1.585e+06	2.512e+06	0.88	0.92	1.214e+01
	1.585e+06	2.512e+06	0.92	0.96	7.541e+00
	1.585e+06	2.512e+06	0.96	1.00	4.465e+00
	2.512e+06	3.981e+06	-1.00	-0.96	1.688e+02
	2.512e+06	3.981e+06	-0.96	-0.92	1.675e+02
	2.512e+06	3.981e+06	-0.92	-0.88	1.689e+02
	2.512e+06	3.981e+06	-0.88	-0.84	1.720e+02
	2.512e+06	3.981e+06	-0.84	-0.80	1.765e+02
	2.512e+06	3.981e+06	-0.80	-0.76	1.824e+02
	2.512e+06	3.981e+06	-0.76	-0.72	1.805e+02
	2.512e+06	3.981e+06	-0.72	-0.68	1.988e+02
	2.512e+06	3.981e+06	-0.68	-0.64	2.083e+02
	2.512e+06	3.981e+06	-0.64	-0.60	2.259e+02
	2.512e+06	3.981e+06	-0.60	-0.56	2.370e+02
	2.512e+06	3.981e+06	-0.56	-0.52	2.604e+02
	2.512e+06	3.981e+06	-0.52	-0.48	2.781e+02
	2.512e+06	3.981e+06	-0.48	-0.44	3.014e+02
	2.512e+06	3.981e+06	-0.44	-0.40	3.284e+02
	2.512e+06	3.981e+06	-0.40	-0.36	3.567e+02
	2.512e+06	3.981e+06	-0.36	-0.32	3.948e+02
	2.512e+06	3.981e+06	-0.32	-0.28	4.386e+02
	2.512e+06	3.981e+06	-0.28	-0.24	4.906e+02
	2.512e+06	3.981e+06	-0.24	-0.20	5.518e+02
	2.512e+06	3.981e+06	-0.20	-0.16	6.311e+02
	2.512e+06	3.981e+06	-0.16	-0.12	7.592e+02
	2.512e+06	3.981e+06	-0.12	-0.08	8.800e+02
	2.512e+06	3.981e+06	-0.08	-0.04	1.027e+03
	2.512e+06	3.981e+06	-0.04	0.00	1.235e+03
	2.512e+06	3.981e+06	0.00	0.04	1.196e+03
	2.512e+06	3.981e+06	0.04	0.08	1.056e+03
	2.512e+06	3.981e+06	0.08	0.12	8.628e+02
	2.512e+06	3.981e+06	0.12	0.16	7.727e+02
	2.512e+06	3.981e+06	0.16	0.20	6.630e+02
	2.512e+06	3.981e+06	0.20	0.24	5.662e+02
	2.512e+06	3.981e+06	0.24	0.28	5.067e+02
	2.512e+06	3.981e+06	0.28	0.32	4.726e+02
	2.512e+06	3.981e+06	0.32	0.36	3.830e+02
	2.512e+06	3.981e+06	0.36	0.40	3.209e+02
	2.512e+06	3.981e+06	0.40	0.44	2.881e+02
	2.512e+06	3.981e+06	0.44	0.48	2.355e+02
	2.512e+06	3.981e+06	0.48	0.52	1.847e+02
	2.512e+06	3.981e+06	0.52	0.56	1.509e+02
	2.512e+06	3.981e+06	0.56	0.60	1.219e+02
	2.512e+06	3.981e+06	0.60	0.64	9.977e+01
	2.512e+06	3.981e+06	0.64	0.68	8.667e+01
	2.512e+06	3.981e+06	0.68	0.72	6.773e+01
	2.512e+06	3.981e+06	0.72	0.76	5.069e+01
	2.512e+06	3.981e+06	0.76	0.80	4.321e+01
	2.512e+06	3.981e+06	0.80	0.84	3.917e+01
	2.512e+06	3.981e+06	0.84	0.88	1.449e+01
	2.512e+06	3.981e+06	0.88	0.92	6.867e+00
	2.512e+06	3.981e+06	0.92	0.96	4.298e+00
	2.512e+06	3.981e+06	0.96	1.00	2.430e+00
	3.981e+06	6.310e+06	-1.00	-0.96	2.216e+02
	3.981e+06	6.310e+06	-0.96	-0.92	2.228e+02
	3.981e+06	6.310e+06	-0.92	-0.88	2.328e+02
	3.981e+06	6.310e+06	-0.88	-0.84	2.338e+02
	3.981e+06	6.310e+06	-0.84	-0.80	2.411e+02
	3.981e+06	6.310e+06	-0.80	-0.76	2.589e+02
	3.981e+06	6.310e+06	-0.76	-0.72	2.596e+02
	3.981e+06	6.310e+06	-0.72	-0.68	2.772e+02
	3.981e+06	6.310e+06	-0.68	-0.64	2.852e+02
	3.981e+06	6.310e+06	-0.64	-0.60	3.106e+02
	3.981e+06	6.310e+06	-0.60	-0.56	3.188e+02
	3.981e+06	6.310e+06	-0.56	-0.52	3.524e+02
	3.981e+06	6.310e+06	-0.52	-0.48	3.789e+02
	3.981e+06	6.310e+06	-0.48	-0.44	4.190e+02
	3.981e+06	6.310e+06	-0.44	-0.40	4.296e+02
	3.981e+06	6.310e+06	-0.40	-0.36	4.754e+02
	3.981e+06	6.310e+06	-0.36	-0.32	5.229e+02
	3.981e+06	6.310e+06	-0.32	-0.28	5.904e+02
	3.981e+06	6.310e+06	-0.28	-0.24	6.612e+02
	3.981e+06	6.310e+06	-0.24	-0.20	7.566e+02
	3.981e+06	6.310e+06	-0.20	-0.16	8.559e+02
	3.981e+06	6.310e+06	-0.16	-0.12	1.032e+03
	3.981e+06	6.310e+06	-0.12	-0.08	1.238e+03
	3.981e+06	6.310e+06	-0.08	-0.04	1.438e+03
	3.981e+06	6.310e+06	-0.04	0.00	1.546e+03
	3.981e+06	6.310e+06	0.00	0.04	1.557e+03
	3.981e+06	6.310e+06	0.04	0.08	1.318e+03
	3.981e+06	6.310e+06	0.08	0.12	1.099e+03
	3.981e+06	6.310e+06	0.12	0.16	9.039e+02
	3.981e+06	6.310e+06	0.16	0.20	7.638e+02
	3.981e+06	6.310e+06	0.20	0.24	6.620e+02
	3.981e+06	6.310e+06	0.24	0.28	5.771e+02
	3.981e+06	6.310e+06	0.28	0.32	4.916e+02
	3.981e+06	6.310e+06	0.32	0.36	3.936e+02
	3.981e+06	6.310e+06	0.36	0.40	3.391e+02
	3.981e+06	6.310e+06	0.40	0.44	2.561e+02
	3.981e+06	6.310e+06	0.44	0.48	2.081e+02
	3.981e+06	6.310e+06	0.48	0.52	1.777e+02
	3.981e+06	6.310e+06	0.52	0.56	1.275e+02
	3.981e+06	6.310e+06	0.56	0.60	9.979e+01
	3.981e+06	6.310e+06	0.60	0.64	7.743e+01
	3.981e+06	6.310e+06	0.64	0.68	6.297e+01
	3.981e+06	6.310e+06	0.68	0.72	5.166e+01
	3.981e+06	6.310e+06	0.72	0.76	3.589e+01
	3.981e+06	6.310e+06	0.76	0.80	2.784e+01
	3.981e+06	6.310e+06	0.80	0.84	2.294e+01
	3.981e+06	6.310e+06	0.84	0.88	9.387e+00
	3.981e+06	6.310e+06	0.88	0.92	3.997e+00
	3.981e+06	6.310e+06	0.92	0.96	2.340e+00
	3.981e+06	6.310e+06	0.96	1.00	1.246e+00
	6.310e+06	1.000e+07	-1.00	-0.96	2.860e+02
	6.310e+06	1.000e+07	-0.96	-0.92	2.941e+02
	6.310e+06	1.000e+07	-0.92	-0.88	3.009e+02
	6.310e+06	1.000e+07	-0.88	-0.84	3.033e+02
	6.310e+06	1.000e+07	-0.84	-0.80	3.185e+02
	6.310e+06	1.000e+07	-0.80	-0.76	3.368e+02
	6.310e+06	1.000e+07	-0.76	-0.72	3.431e+02
	6.310e+06	1.000e+07	-0.72	-0.68	3.698e+02
	6.310e+06	1.000e+07	-0.68	-0.64	3.806e+02
	6.310e+06	1.000e+07	-0.64	-0.60	4.121e+02
	6.310e+06	1.000e+07	-0.60	-0.56	4.383e+02
	6.310e+06	1.000e+07	-0.56	-0.52	4.523e+02
	6.310e+06	1.000e+07	-0.52	-0.48	5.109e+02
	6.310e+06	1.000e+07	-0.48	-0.44	5.434e+02
	6.310e+06	1.000e+07	-0.44	-0.40	5.758e+02
	6.310e+06	1.000e+07	-0.40	-0.36	6.428e+02
	6.310e+06	1.000e+07	-0.36	-0.32	6.962e+02
	6.310e+06	1.000e+07	-0.32	-0.28	7.955e+02
	6.310e+06	1.000e+07	-0.28	-0.24	8.854e+02
	6.310e+06	1.000e+07	-0.24	-0.20	9.847e+02
	6.310e+06	1.000e+07	-0.20	-0.16	1.131e+03
	6.310e+06	1.000e+07	-0.16	-0.12	1.345e+03
	6.310e+06	1.000e+07	-0.12	-0.08	1.562e+03
	6.310e+06	1.000e+07	-0.08	-0.04	1.876e+03
	6.310e+06	1.000e+07	-0.04	0.00	2.049e+03
	6.310e+06	1.000e+07	0.00	0.04	2.052e+03
	6.310e+06	1.000e+07	0.04	0.08	1.625e+03
	6.310e+06	1.000e+07	0.08	0.12	1.303e+03
	6.310e+06	1.000e+07	0.12	0.16	1.036e+03
	6.310e+06	1.000e+07	0.16	0.20	9.032e+02
	6.310e+06	1.000e+07	0.20	0.24	6.904e+02
	6.310e+06	1.000e+07	0.24	0.28	5.735e+02
	6.310e+06	1.000e+07	0.28	0.32	4.789e+02
	6.310e+06	1.000e+07	0.32	0.36	4.214e+02
	6.310e+06	1.000e+07	0.36	0.40	3.329e+02
	6.310e+06	1.000e+07	0.40	0.44	2.415e+02
	6.310e+06	1.000e+07	0.44	0.48	2.082e+02
	6.310e+06	1.000e+07	0.48	0.52	1.309e+02
	6.310e+06	1.000e+07	0.52	0.56	1.046e+02
	6.310e+06	1.000e+07	0.56	0.60	8.283e+01
	6.310e+06	1.000e+07	0.60	0.64	5.935e+01
	6.310e+06	1.000e+07	0.64	0.68	4.201e+01
	6.310e+06	1.000e+07	0.68	0.72	2.916e+01
	6.310e+06	1.000e+07	0.72	0.76	2.779e+01
	6.310e+06	1.000e+07	0.76	0.80	2.274e+01
	6.310e+06	1.000e+07	0.80	0.84	9.793e+00
	6.310e+06	1.000e+07	0.84	0.88	4.805e+00
	6.310e+06	1.000e+07	0.88	0.92	2.250e+00
	6.310e+06	1.000e+07	0.92	0.96	1.259e+00
	6.310e+06	1.000e+07	0.96	1.00	8.454e-01
	1.000e+07	1.585e+07	-1.00	-0.96	3.800e+02
	1.000e+07	1.585e+07	-0.96	-0.92	3.891e+02
	1.000e+07	1.585e+07	-0.92	-0.88	3.816e+02
	1.000e+07	1.585e+07	-0.88	-0.84	3.832e+02
	1.000e+07	1.585e+07	-0.84	-0.80	4.298e+02
	1.000e+07	1.585e+07	-0.80	-0.76	4.345e+02
	1.000e+07	1.585e+07	-0.76	-0.72	4.242e+02
	1.000e+07	1.585e+07	-0.72	-0.68	4.394e+02
	1.000e+07	1.585e+07	-0.68	-0.64	4.913e+02
	1.000e+07	1.585e+07	-0.64	-0.60	5.389e+02
	1.000e+07	1.585e+07	-0.60	-0.56	5.616e+02
	1.000e+07	1.585e+07	-0.56	-0.52	5.840e+02
	1.000e+07	1.585e+07	-0.52	-0.48	6.266e+02
	1.000e+07	1.585e+07	-0.48	-0.44	6.634e+02
	1.000e+07	1.585e+07	-0.44	-0.40	7.531e+02
	1.000e+07	1.585e+07	-0.40	-0.36	8.258e+02
	1.000e+07	1.585e+07	-0.36	-0.32	8.823e+02
	1.000e+07	1.585e+07	-0.32	-0.28	9.783e+02
	1.000e+07	1.585e+07	-0.28	-0.24	1.160e+03
	1.000e+07	1.585e+07	-0.24	-0.20	1.245e+03
	1.000e+07	1.585e+07	-0.20	-0.16	1.454e+03
	1.000e+07	1.585e+07	-0.16	-0.12	1.891e+03
	1.000e+07	1.585e+07	-0.12	-0.08	2.295e+03
	1.000e+07	1.585e+07	-0.08	-0.04	2.232e+03
	1.000e+07	1.585e+07	-0.04	0.00	2.500e+03
	1.000e+07	1.585e+07	0.00	0.04	2.332e+03
	1.000e+07	1.585e+07	0.04	0.08	1.898e+03
	1.000e+07	1.585e+07	0.08	0.12	1.713e+03
	1.000e+07	1.585e+07	0.12	0.16	1.145e+03
	1.000e+07	1.585e+07	0.16	0.20	1.022e+03
	1.000e+07	1.585e+07	0.20	0.24	4.869e+02
	1.000e+07	1.585e+07	0.24	0.28	6.073e+02
	1.000e+07	1.585e+07	0.28	0.32	4.231e+02
	1.000e+07	1.585e+07	0.32	0.36	3.831e+02
	1.000e+07	1.585e+07	0.36	0.40	2.435e+02
	1.000e+07	1.585e+07	0.40	0.44	2.956e+02
	1.000e+07	1.585e+07	0.44	0.48	1.257e+02
	1.000e+07	1.585e+07	0.48	0.52	6.115e+01
	1.000e+07	1.585e+07	0.52	0.56	7.710e+01
	1.000e+07	1.585e+07	0.56	0.60	6.538e+01
	1.000e+07	1.585e+07	0.60	0.64	5.093e+01
	1.000e+07	1.585e+07	0.64	0.68	2.684e+01
	1.000e+07	1.585e+07	0.68	0.72	1.810e+01
	1.000e+07	1.585e+07	0.72	0.76	1.716e+01
	1.000e+07	1.585e+07	0.76	0.80	1.194e+01
	1.000e+07	1.585e+07	0.80	0.84	1.117e+01
	1.000e+07	1.585e+07	0.84	0.88	4.003e+00
	1.000e+07	1.585e+07	0.88	0.92	1.630e+00
	1.000e+07	1.585e+07	0.92	0.96	5.598e-01
	1.000e+07	1.585e+07	0.96	1.00	4.701e-01
	1.585e+07	2.512e+07	-1.00	-0.96	4.596e+02
	1.585e+07	2.512e+07	-0.96	-0.92	4.893e+02
	1.585e+07	2.512e+07	-0.92	-0.88	5.013e+02
	1.585e+07	2.512e+07	-0.88	-0.84	5.009e+02
	1.585e+07	2.512e+07	-0.84	-0.80	5.186e+02
	1.585e+07	2.512e+07	-0.80	-0.76	5.489e+02
	1.585e+07	2.512e+07	-0.76	-0.72	6.063e+02
	1.585e+07	2.512e+07	-0.72	-0.68	6.253e+02
	1.585e+07	2.512e+07	-0.68	-0.64	6.285e+02
	1.585e+07	2.512e+07	-0.64	-0.60	7.146e+02
	1.585e+07	2.512e+07	-0.60	-0.56	7.255e+02
	1.585e+07	2.512e+07	-0.56	-0.52	8.053e+02
	1.585e+07	2.512e+07	-0.52	-0.48	8.072e+02
	1.585e+07	2.512e+07	-0.48	-0.44	8.361e+02
	1.585e+07	2.512e+07	-0.44	-0.40	1.018e+03
	1.585e+07	2.512e+07	-0.40	-0.36	1.056e+03
	1.585e+07	2.512e+07	-0.36	-0.32	1.139e+03
	1.585e+07	2.512e+07	-0.32	-0.28	1.316e+03
	1.585e+07	2.512e+07	-0.28	-0.24	1.393e+03
	1.585e+07	2.512e+07	-0.24	-0.20	1.668e+03
	1.585e+07	2.512e+07	-0.20	-0.16	1.887e+03
	1.585e+07	2.512e+07	-0.16	-0.12	2.099e+03
	1.585e+07	2.512e+07	-0.12	-0.08	2.572e+03
	1.585e+07	2.512e+07	-0.08	-0.04	2.858e+03
	1.585e+07	2.512e+07	-0.04	0.00	3.653e+03
	1.585e+07	2.512e+07	0.00	0.04	3.280e+03
	1.585e+07	2.512e+07	0.04	0.08	2.340e+03
	1.585e+07	2.512e+07	0.08	0.12	1.823e+03
	1.585e+07	2.512e+07	0.12	0.16	1.344e+03
	1.585e+07	2.512e+07	0.16	0.20	8.558e+02
	1.585e+07	2.512e+07	0.20	0.24	7.777e+02
	1.585e+07	2.512e+07	0.24	0.28	5.472e+02
	1.585e+07	2.512e+07	0.28	0.32	4.513e+02
	1.585e+07	2.512e+07	0.32	0.36	3.196e+02
	1.585e+07	2.512e+07	0.36	0.40	2.169e+02
	1.585e+07	2.512e+07	0.40	0.44	1.706e+02
	1.585e+07	2.512e+07	0.44	0.48	8.194e+01
	1.585e+07	2.512e+07	0.48	0.52	5.525e+01
	1.585e+07	2.512e+07	0.52	0.56	4.020e+01
	1.585e+07	2.512e+07	0.56	0.60	3.957e+01
	1.585e+07	2.512e+07	0.60	0.64	1.760e+01
	1.585e+07	2.512e+07	0.64	0.68	1.477e+01
	1.585e+07	2.512e+07	0.68	0.72	1.488e+01
	1.585e+07	2.512e+07	0.72	0.76	1.158e+01
	1.585e+07	2.512e+07	0.76	0.80	6.552e+00
	1.585e+07	2.512e+07	0.80	0.84	3.802e+00
	1.585e+07	2.512e+07	0.84	0.88	4.988e+00
	1.585e+07	2.512e+07	0.88	0.92	5.268e-01
	1.585e+07	2.512e+07	0.92	0.96	3.158e-01
	1.585e+07	2.512e+07	0.96	1.00	2.452e-01
	2.512e+07	3.981e+07	-1.00	-0.96	5.652e+02
	2.512e+07	3.981e+07	-0.96	-0.92	5.971e+02
	2.512e+07	3.981e+07	-0.92	-0.88	6.487e+02
	2.512e+07	3.981e+07	-0.88	-0.84	5.883e+02
	2.512e+07	3.981e+07	-0.84	-0.80	6.770e+02
	2.512e+07	3.981e+07	-0.80	-0.76	6.921e+02
	2.512e+07	3.981e+07	-0.76	-0.72	7.569e+02
	2.512e+07	3.981e+07	-0.72	-0.68	7.447e+02
	2.512e+07	3.981e+07	-0.68	-0.64	8.267e+02
	2.512e+07	3.981e+07	-0.64	-0.60	8.365e+02
	2.512e+07	3.981e+07	-0.60	-0.56	8.203e+02
	2.512e+07	3.981e+07	-0.56	-0.52	9.999e+02
	2.512e+07	3.981e+07	-0.52	-0.48	1.072e+03
	2.512e+07	3.981e+07	-0.48	-0.44	1.127e+03
	2.512e+07	3.981e+07	-0.44	-0.40	1.239e+03
	2.512e+07	3.981e+07	-0.40	-0.36	1.321e+03
	2.512e+07	3.981e+07	-0.36	-0.32	1.535e+03
	2.512e+07	3.981e+07	-0.32	-0.28	1.533e+03
	2.512e+07	3.981e+07	-0.28	-0.24	1.787e+03
	2.512e+07	3.981e+07	-0.24	-0.20	2.057e+03
	2.512e+07	3.981e+07	-0.20	-0.16	2.546e+03
	2.512e+07	3.981e+07	-0.16	-0.12	2.928e+03
	2.512e+07	3.981e+07	-0.12	-0.08	3.240e+03
	2.512e+07	3.981e+07	-0.08	-0.04	3.553e+03
	2.512e+07	3.981e+07	-0.04	0.00	4.527e+03
	2.512e+07	3.981e+07	0.00	0.04	3.859e+03
	2.512e+07	3.981e+07	0.04	0.08	3.030e+03
	2.512e+07	3.981e+07	0.08	0.12	2.187e+03
	2.512e+07	3.981e+07	0.12	0.16	1.223e+03
	2.512e+07	3.981e+07	0.16	0.20	1.007e+03
	2.512e+07	3.981e+07	0.20	0.24	8.052e+02
	2.512e+07	3.981e+07	0.24	0.28	5.895e+02
	2.512e+07	3.981e+07	0.28	0.32	3.249e+02
	2.512e+07	3.981e+07	0.32	0.36	2.895e+02
	2.512e+07	3.981e+07	0.36	0.40	1.416e+02
	2.512e+07	3.981e+07	0.40	0.44	1.166e+02
	2.512e+07	3.981e+07	0.44	0.48	3.783e+01
	2.512e+07	3.981e+07	0.48	0.52	3.108e+01
	2.512e+07	3.981e+07	0.52	0.56	1.863e+01
	2.512e+07	3.981e+07	0.56	0.60	1.870e+01
	2.512e+07	3.981e+07	0.60	0.64	8.006e+00
	2.512e+07	3.981e+07	0.64	0.68	8.364e+00
	2.512e+07	3.981e+07	0.68	0.72	4.084e+00
	2.512e+07	3.981e+07	0.72	0.76	3.229e+00
	2.512e+07	3.981e+07	0.76	0.80	2.506e+00
	2.512e+07	3.981e+07	0.80	0.84	1.571e+00
	2.512e+07	3.981e+07	0.84	0.88	2.553e-01
	2.512e+07	3.981e+07	0.88	0.92	2.048e-01
	2.512e+07	3.981e+07	0.92	0.96	1.976e-01
	2.512e+07	3.981e+07	0.96	1.00	2.903e-01
	3.981e+07	6.310e+07	-1.00	-0.96	7.048e+02
	3.981e+07	6.310e+07	-0.96	-0.92	7.107e+02
	3.981e+07	6.310e+07	-0.92	-0.88	6.876e+02
	3.981e+07	6.310e+07	-0.88	-0.84	7.856e+02
	3.981e+07	6.310e+07	-0.84	-0.80	7.970e+02
	3.981e+07	6.310e+07	-0.80	-0.76	8.558e+02
	3.981e+07	6.310e+07	-0.76	-0.72	9.001e+02
	3.981e+07	6.310e+07	-0.72	-0.68	1.024e+03
	3.981e+07	6.310e+07	-0.68	-0.64	9.709e+02
	3.981e+07	6.310e+07	-0.64	-0.60	1.012e+03
	3.981e+07	6.310e+07	-0.60	-0.56	1.096e+03
	3.981e+07	6.310e+07	-0.56	-0.52	1.306e+03
	3.981e+07	6.310e+07	-0.52	-0.48	1.349e+03
	3.981e+07	6.310e+07	-0.48	-0.44	1.382e+03
	3.981e+07	6.310e+07	-0.44	-0.40	1.501e+03
	3.981e+07	6.310e+07	-0.40	-0.36	1.513e+03
	3.981e+07	6.310e+07	-0.36	-0.32	1.846e+03
	3.981e+07	6.310e+07	-0.32	-0.28	2.004e+03
	3.981e+07	6.310e+07	-0.28	-0.24	2.272e+03
	3.981e+07	6.310e+07	-0.24	-0.20	2.648e+03
	3.981e+07	6.310e+07	-0.20	-0.16	3.120e+03
	3.981e+07	6.310e+07	-0.16	-0.12	3.583e+03
	3.981e+07	6.310e+07	-0.12	-0.08	4.430e+03
	3.981e+07	6.310e+07	-0.08	-0.04	4.290e+03
	3.981e+07	6.310e+07	-0.04	0.00	5.017e+03
	3.981e+07	6.310e+07	0.00	0.04	5.299e+03
	3.981e+07	6.310e+07	0.04	0.08	3.519e+03
	3.981e+07	6.310e+07	0.08	0.12	2.103e+03
	3.981e+07	6.310e+07	0.12	0.16	1.276e+03
	3.981e+07	6.310e+07	0.16	0.20	9.287e+02
	3.981e+07	6.310e+07	0.20	0.24	5.169e+02
	3.981e+07	6.310e+07	0.24	0.28	4.779e+02
	3.981e+07	6.310e+07	0.28	0.32	3.306e+02
	3.981e+07	6.310e+07	0.32	0.36	1.198e+02
	3.981e+07	6.310e+07	0.36	0.40	1.489e+02
	3.981e+07	6.310e+07	0.40	0.44	9.070e+01
	3.981e+07	6.310e+07	0.44	0.48	6.869e+01
	3.981e+07	6.310e+07	0.48	0.52	4.928e+01
	3.981e+07	6.310e+07	0.52	0.56	1.453e+01
	3.981e+07	6.310e+07	0.56	0.60	7.962e+00
	3.981e+07	6.310e+07	0.60	0.64	6.867e+00
	3.981e+07	6.310e+07	0.64	0.68	3.117e+00
	3.981e+07	6.310e+07	0.68	0.72	1.838e+00
	3.981e+07	6.310e+07	0.72	0.76	2.412e+00
	3.981e+07	6.310e+07	0.76	0.80	1.726e+00
	3.981e+07	6.310e+07	0.80	0.84	1.062e+00
	3.981e+07	6.310e+07	0.84	0.88	5.217e-01
	3.981e+07	6.310e+07	0.88	0.92	1.982e-01
	3.981e+07	6.310e+07	0.92	0.96	3.396e-01
	3.981e+07	6.310e+07	0.96	1.00	3.941e-02
	6.310e+07	1.000e+08	-1.00	-0.96	8.356e+02
	6.310e+07	1.000e+08	-0.96	-0.92	8.750e+02
	6.310e+07	1.000e+08	-0.92	-0.88	8.835e+02
	6.310e+07	1.000e+08	-0.88	-0.84	9.989e+02
	6.310e+07	1.000e+08	-0.84	-0.80	1.035e+03
	6.310e+07	1.000e+08	-0.80	-0.76	1.073e+03
	6.310e+07	1.000e+08	-0.76	-0.72	1.094e+03
	6.310e+07	1.000e+08	-0.72	-0.68	1.112e+03
	6.310e+07	1.000e+08	-0.68	-0.64	1.170e+03
	6.310e+07	1.000e+08	-0.64	-0.60	1.322e+03
	6.310e+07	1.000e+08	-0.60	-0.56	1.367e+03
	6.310e+07	1.000e+08	-0.56	-0.52	1.541e+03
	6.310e+07	1.000e+08	-0.52	-0.48	1.520e+03
	6.310e+07	1.000e+08	-0.48	-0.44	1.696e+03
	6.310e+07	1.000e+08	-0.44	-0.40	1.897e+03
	6.310e+07	1.000e+08	-0.40	-0.36	2.010e+03
	6.310e+07	1.000e+08	-0.36	-0.32	2.275e+03
	6.310e+07	1.000e+08	-0.32	-0.28	2.501e+03
	6.310e+07	1.000e+08	-0.28	-0.24	2.758e+03
	6.310e+07	1.000e+08	-0.24	-0.20	3.191e+03
	6.310e+07	1.000e+08	-0.20	-0.16	3.600e+03
	6.310e+07	1.000e+08	-0.16	-0.12	4.250e+03
	6.310e+07	1.000e+08	-0.12	-0.08	5.311e+03
	6.310e+07	1.000e+08	-0.08	-0.04	5.902e+03
	6.310e+07	1.000e+08	-0.04	0.00	6.825e+03
	6.310e+07	1.000e+08	0.00	0.04	5.309e+03
	6.310e+07	1.000e+08	0.04	0.08	3.892e+03
	6.310e+07	1.000e+08	0.08	0.12	2.360e+03
	6.310e+07	1.000e+08	0.12	0.16	1.515e+03
	6.310e+07	1.000e+08	0.16	0.20	7.692e+02
	6.310e+07	1.000e+08	0.20	0.24	5.051e+02
	6.310e+07	1.000e+08	0.24	0.28	2.869e+02
	6.310e+07	1.000e+08	0.28	0.32	1.832e+02
	6.310e+07	1.000e+08	0.32	0.36	1.455e+02
	6.310e+07	1.000e+08	0.36	0.40	8.542e+01
	6.310e+07	1.000e+08	0.40	0.44	1.120e+02
	6.310e+07	1.000e+08	0.44	0.48	1.825e+01
	6.310e+07	1.000e+08	0.48	0.52	1.207e+01
	6.310e+07	1.000e+08	0.52	0.56	7.239e+00
	6.310e+07	1.000e+08	0.56	0.60	5.407e+00
	6.310e+07	1.000e+08	0.60	0.64	3.127e+00
	6.310e+07	1.000e+08	0.64	0.68	2.872e+00
	6.310e+07	1.000e+08	0.68	0.72	1.407e+00
	6.310e+07	1.000e+08	0.72	0.76	1.581e+00
	6.310e+07	1.000e+08	0.76	0.80	3.664e-01
	6.310e+07	1.000e+08	0.80	0.84	4.064e-01
	6.310e+07	1.000e+08	0.84	0.88	2.198e-01
	6.310e+07	1.000e+08	0.88	0.92	8.555e-02
	6.310e+07	1.000e+08	0.92	0.96	2.326e-02
	6.310e+07	1.000e+08	0.96	1.00	3.631e-02
	1.000e+08	1.585e+08	-1.00	-0.96	9.995e+02
	1.000e+08	1.585e+08	-0.96	-0.92	1.001e+03
	1.000e+08	1.585e+08	-0.92	-0.88	1.116e+03
	1.000e+08	1.585e+08	-0.88	-0.84	1.152e+03
	1.000e+08	1.585e+08	-0.84	-0.80	1.249e+03
	1.000e+08	1.585e+08	-0.80	-0.76	1.217e+03
	1.000e+08	1.585e+08	-0.76	-0.72	1.379e+03
	1.000e+08	1.585e+08	-0.72	-0.68	1.322e+03
	1.000e+08	1.585e+08	-0.68	-0.64	1.423e+03
	1.000e+08	1.585e+08	-0.64	-0.60	1.497e+03
	1.000e+08	1.585e+08	-0.60	-0.56	1.606e+03
	1.000e+08	1.585e+08	-0.56	-0.52	1.827e+03
	1.000e+08	1.585e+08	-0.52	-0.48	1.804e+03
	1.000e+08	1.585e+08	-0.48	-0.44	2.041e+03
	1.000e+08	1.585e+08	-0.44	-0.40	2.216e+03
	1.000e+08	1.585e+08	-0.40	-0.36	2.451e+03
	1.000e+08	1.585e+08	-0.36	-0.32	2.656e+03
	1.000e+08	1.585e+08	-0.32	-0.28	3.052e+03
	1.000e+08	1.585e+08	-0.28	-0.24	3.303e+03
	1.000e+08	1.585e+08	-0.24	-0.20	4.115e+03
	1.000e+08	1.585e+08	-0.20	-0.16	4.923e+03
	1.000e+08	1.585e+08	-0.16	-0.12	5.350e+03
	1.000e+08	1.585e+08	-0.12	-0.08	6.575e+03
	1.000e+08	1.585e+08	-0.08	-0.04	7.123e+03
	1.000e+08	1.585e+08	-0.04	0.00	7.832e+03
	1.000e+08	1.585e+08	0.00	0.04	7.694e+03
	1.000e+08	1.585e+08	0.04	0.08	3.809e+03
	1.000e+08	1.585e+08	0.08	0.12	2.616e+03
	1.000e+08	1.585e+08	0.12	0.16	1.061e+03
	1.000e+08	1.585e+08	0.16	0.20	6.338e+02
	1.000e+08	1.585e+08	0.20	0.24	4.816e+02
	1.000e+08	1.585e+08	0.24	0.28	2.061e+02
	1.000e+08	1.585e+08	0.28	0.32	1.022e+02
	1.000e+08	1.585e+08	0.32	0.36	1.176e+02
	1.000e+08	1.585e+08	0.36	0.40	2.383e+01
	1.000e+08	1.585e+08	0.40	0.44	3.215e+01
	1.000e+08	1.585e+08	0.44	0.48	2.068e+01
	1.000e+08	1.585e+08	0.48	0.52	9.581e+00
	1.000e+08	1.585e+08	0.52	0.56	6.361e+00
	1.000e+08	1.585e+08	0.56	0.60	1.667e+00
	1.000e+08	1.585e+08	0.60	0.64	1.706e+00
	1.000e+08	1.585e+08	0.64	0.68	2.043e+00
	1.000e+08	1.585e+08	0.68	0.72	2.594e+00
	1.000e+08	1.585e+08	0.72	0.76	1.230e+00
	1.000e+08	1.585e+08	0.76	0.80	2.321e-01
	1.000e+08	1.585e+08	0.80	0.84	8.477e-02
	1.000e+08	1.585e+08	0.84	0.88	9.963e-02
	1.000e+08	1.585e+08	0.88	0.92	3.836e-01
	1.000e+08	1.585e+08	0.92	0.96	1.266e-02
	1.000e+08	1.585e+08	0.96	1.00	7.073e-02
	1.585e+08	2.512e+08	-1.00	-0.96	1.159e+03
	1.585e+08	2.512e+08	-0.96	-0.92	1.295e+03
	1.585e+08	2.512e+08	-0.92	-0.88	1.267e+03
	1.585e+08	2.512e+08	-0.88	-0.84	1.444e+03
	1.585e+08	2.512e+08	-0.84	-0.80	1.451e+03
	1.585e+08	2.512e+08	-0.80	-0.76	1.559e+03
	1.585e+08	2.512e+08	-0.76	-0.72	1.627e+03
	1.585e+08	2.512e+08	-0.72	-0.68	1.639e+03
	1.585e+08	2.512e+08	-0.68	-0.64	1.845e+03
	1.585e+08	2.512e+08	-0.64	-0.60	1.741e+03
	1.585e+08	2.512e+08	-0.60	-0.56	1.969e+03
	1.585e+08	2.512e+08	-0.56	-0.52	2.113e+03
	1.585e+08	2.512e+08	-0.52	-0.48	2.293e+03
	1.585e+08	2.512e+08	-0.48	-0.44	2.405e+03
	1.585e+08	2.512e+08	-0.44	-0.40	2.488e+03
	1.585e+08	2.512e+08	-0.40	-0.36	2.859e+03
	1.585e+08	2.512e+08	-0.36	-0.32	3.125e+03
	1.585e+08	2.512e+08	-0.32	-0.28	3.588e+03
	1.585e+08	2.512e+08	-0.28	-0.24	4.330e+03
	1.585e+08	2.512e+08	-0.24	-0.20	4.915e+03
	1.585e+08	2.512e+08	-0.20	-0.16	5.668e+03
	1.585e+08	2.512e+08	-0.16	-0.12	6.452e+03
	1.585e+08	2.512e+08	-0.12	-0.08	7.840e+03
	1.585e+08	2.512e+08	-0.08	-0.04	8.491e+03
	1.585e+08	2.512e+08	-0.04	0.00	1.089e+04
	1.585e+08	2.512e+08	0.00	0.04	8.648e+03
	1.585e+08	2.512e+08	0.04	0.08	4.705e+03
	1.585e+08	2.512e+08	0.08	0.12	2.515e+03
	1.585e+08	2.512e+08	0.12	0.16	1.054e+03
	1.585e+08	2.512e+08	0.16	0.20	6.174e+02
	1.585e+08	2.512e+08	0.20	0.24	2.947e+02
	1.585e+08	2.512e+08	0.24	0.28	1.092e+02
	1.585e+08	2.512e+08	0.28	0.32	1.106e+02
	1.585e+08	2.512e+08	0.32	0.36	4.682e+01
	1.585e+08	2.512e+08	0.36	0.40	3.011e+01
	1.585e+08	2.512e+08	0.40	0.44	1.370e+01
	1.585e+08	2.512e+08	0.44	0.48	6.603e+00
	1.585e+08	2.512e+08	0.48	0.52	9.369e+00
	1.585e+08	2.512e+08	0.52	0.56	3.578e+00
	1.585e+08	2.512e+08	0.56	0.60	1.698e+00
	1.585e+08	2.512e+08	0.60	0.64	6.886e-01
	1.585e+08	2.512e+08	0.64	0.68	4.521e-01
	1.585e+08	2.512e+08	0.68	0.72	7.734e-01
	1.585e+08	2.512e+08	0.72	0.76	2.029e-01
	1.585e+08	2.512e+08	0.76	0.80	1.000e-01
	1.585e+08	2.512e+08	0.80	0.84	5.833e-01
	1.585e+08	2.512e+08	0.84	0.88	4.539e-02
	1.585e+08	2.512e+08	0.88	0.92	1.312e-01
	1.585e+08	2.512e+08	0.92	0.96	8.767e-03
	1.585e+08	2.512e+08	0.96	1.00	5.016e-03
	2.512e+08	3.981e+08	-1.00	-0.96	1.378e+03
	2.512e+08	3.981e+08	-0.96	-0.92	1.490e+03
	2.512e+08	3.981e+08	-0.92	-0.88	1.617e+03
	2.512e+08	3.981e+08	-0.88	-0.84	1.728e+03
	2.512e+08	3.981e+08	-0.84	-0.80	1.708e+03
	2.512e+08	3.981e+08	-0.80	-0.76	1.922e+03
	2.512e+08	3.981e+08	-0.76	-0.72	1.849e+03
	2.512e+08	3.981e+08	-0.72	-0.68	1.821e+03
	2.512e+08	3.981e+08	-0.68	-0.64	2.135e+03
	2.512e+08	3.981e+08	-0.64	-0.60	2.249e+03
	2.512e+08	3.981e+08	-0.60	-0.56	2.282e+03
	2.512e+08	3.981e+08	-0.56	-0.52	2.337e+03
	2.512e+08	3.981e+08	-0.52	-0.48	2.669e+03
	2.512e+08	3.981e+08	-0.48	-0.44	3.153e+03
	2.512e+08	3.981e+08	-0.44	-0.40	3.080e+03
	2.512e+08	3.981e+08	-0.40	-0.36	3.389e+03
	2.512e+08	3.981e+08	-0.36	-0.32	3.874e+03
	2.512e+08	3.981e+08	-0.32	-0.28	4.323e+03
	2.512e+08	3.981e+08	-0.28	-0.24	4.988e+03
	2.512e+08	3.981e+08	-0.24	-0.20	5.518e+03
	2.512e+08	3.981e+08	-0.20	-0.16	6.788e+03
	2.512e+08	3.981e+08	-0.16	-0.12	8.622e+03
	2.512e+08	3.981e+08	-0.12	-0.08	9.845e+03
	2.512e+08	3.981e+08	-0.08	-0.04	9.999e+03
	2.512e+08	3.981e+08	-0.04	0.00	1.188e+04
	2.512e+08	3.981e+08	0.00	0.04	1.065e+04
	2.512e+08	3.981e+08	0.04	0.08	4.388e+03
	2.512e+08	3.981e+08	0.08	0.12	2.062e+03
	2.512e+08	3.981e+08	0.12	0.16	8.831e+02
	2.512e+08	3.981e+08	0.16	0.20	7.494e+02
	2.512e+08	3.981e+08	0.20	0.24	2.453e+02
	2.512e+08	3.981e+08	0.24	0.28	1.208e+02
	2.512e+08	3.981e+08	0.28	0.32	5.128e+01
	2.512e+08	3.981e+08	0.32	0.36	2.181e+01
	2.512e+08	3.981e+08	0.36	0.40	1.652e+01
	2.512e+08	3.981e+08	0.40	0.44	6.407e+00
	2.512e+08	3.981e+08	0.44	0.48	4.128e+00
	2.512e+08	3.981e+08	0.48	0.52	2.104e+00
	2.512e+08	3.981e+08	0.52	0.56	8.219e-01
	2.512e+08	3.981e+08	0.56	0.60	1.094e+00
	2.512e+08	3.981e+08	0.60	0.64	1.295e+00
	2.512e+08	3.981e+08	0.64	0.68	3.303e+00
	2.512e+08	3.981e+08	0.68	0.72	5.569e-01
	2.512e+08	3.981e+08	0.72	0.76	1.259e-01
	2.512e+08	3.981e+08	0.76	0.80	8.291e-02
	2.512e+08	3.981e+08	0.80	0.84	1.504e-01
	2.512e+08	3.981e+08	0.84	0.88	1.708e-02
	2.512e+08	3.981e+08	0.88	0.92	9.012e-03
	2.512e+08	3.981e+08	0.92	0.96	2.916e-03
	2.512e+08	3.981e+08	0.96	1.00	5.918e-03
	3.981e+08	6.310e+08	-1.00	-0.96	1.642e+03
	3.981e+08	6.310e+08	-0.96	-0.92	1.704e+03
	3.981e+08	6.310e+08	-0.92	-0.88	1.729e+03
	3.981e+08	6.310e+08	-0.88	-0.84	1.951e+03
	3.981e+08	6.310e+08	-0.84	-0.80	2.080e+03
	3.981e+08	6.310e+08	-0.80	-0.76	2.154e+03
	3.981e+08	6.310e+08	-0.76	-0.72	2.370e+03
	3.981e+08	6.310e+08	-0.72	-0.68	2.356e+03
	3.981e+08	6.310e+08	-0.68	-0.64	2.215e+03
	3.981e+08	6.310e+08	-0.64	-0.60	2.420e+03
	3.981e+08	6.310e+08	-0.60	-0.56	2.760e+03
	3.981e+08	6.310e+08	-0.56	-0.52	2.753e+03
	3.981e+08	6.310e+08	-0.52	-0.48	3.212e+03
	3.981e+08	6.310e+08	-0.48	-0.44	3.433e+03
	3.981e+08	6.310e+08	-0.44	-0.40	3.920e+03
	3.981e+08	6.310e+08	-0.40	-0.36	4.013e+03
	3.981e+08	6.310e+08	-0.36	-0.32	4.613e+03
	3.981e+08	6.310e+08	-0.32	-0.28	4.777e+03
	3.981e+08	6.310e+08	-0.28	-0.24	5.724e+03
	3.981e+08	6.310e+08	-0.24	-0.20	6.713e+03
	3.981e+08	6.310e+08	-0.20	-0.16	7.959e+03
	3.981e+08	6.310e+08	-0.16	-0.12	9.664e+03
	3.981e+08	6.310e+08	-0.12	-0.08	1.170e+04
	3.981e+08	6.310e+08	-0.08	-0.04	1.360e+04
	3.981e+08	6.310e+08	-0.04	0.00	1.425e+04
	3.981e+08	6.310e+08	0.00	0.04	1.133e+04
	3.981e+08	6.310e+08	0.04	0.08	4.938e+03
	3.981e+08	6.310e+08	0.08	0.12	2.007e+03
	3.981e+08	6.310e+08	0.12	0.16	6.980e+02
	3.981e+08	6.310e+08	0.16	0.20	2.570e+02
	3.981e+08	6.310e+08	0.20	0.24	1.794e+02
	3.981e+08	6.310e+08	0.24	0.28	5.726e+01
	3.981e+08	6.310e+08	0.28	0.32	5.975e+01
	3.981e+08	6.310e+08	0.32	0.36	1.518e+01
	3.981e+08	6.310e+08	0.36	0.40	7.258e+00
	3.981e+08	6.310e+08	0.40	0.44	2.694e+00
	3.981e+08	6.310e+08	0.44	0.48	2.010e+00
	3.981e+08	6.310e+08	0.48	0.52	6.097e-01
	3.981e+08	6.310e+08	0.52	0.56	5.823e-01
	3.981e+08	6.310e+08	0.56	0.60	3.372e-01
	3.981e+08	6.310e+08	0.60	0.64	3.483e-01
	3.981e+08	6.310e+08	0.64	0.68	5.115e-02
	3.981e+08	6.310e+08	0.68	0.72	4.104e-02
	3.981e+08	6.310e+08	0.72	0.76	8.355e-02
	3.981e+08	6.310e+08	0.76	0.80	2.253e-01
	3.981e+08	6.310e+08	0.80	0.84	1.588e-02
	3.981e+08	6.310e+08	0.84	0.88	5.509e-02
	3.981e+08	6.310e+08	0.88	0.92	1.056e-03
	3.981e+08	6.310e+08	0.92	0.96	4.306e-02
	3.981e+08	6.310e+08	0.96	1.00	2.028e-03
	6.310e+08	1.000e+09	-1.00	-0.96	1.861e+03
	6.310e+08	1.000e+09	-0.96	-0.92	2.000e+03
	6.310e+08	1.000e+09	-0.92	-0.88	2.179e+03
	6.310e+08	1.000e+09	-0.88	-0.84	2.280e+03
	6.310e+08	1.000e+09	-0.84	-0.80	2.284e+03
	6.310e+08	1.000e+09	-0.80	-0.76	2.191e+03
	6.310e+08	1.000e+09	-0.76	-0.72	2.372e+03
	6.310e+08	1.000e+09	-0.72	-0.68	2.751e+03
	6.310e+08	1.000e+09	-0.68	-0.64	2.830e+03
	6.310e+08	1.000e+09	-0.64	-0.60	3.031e+03
	6.310e+08	1.000e+09	-0.60	-0.56	3.122e+03
	6.310e+08	1.000e+09	-0.56	-0.52	3.400e+03
	6.310e+08	1.000e+09	-0.52	-0.48	4.022e+03
	6.310e+08	1.000e+09	-0.48	-0.44	4.367e+03
	6.310e+08	1.000e+09	-0.44	-0.40	4.593e+03
	6.310e+08	1.000e+09	-0.40	-0.36	4.742e+03
	6.310e+08	1.000e+09	-0.36	-0.32	5.544e+03
	6.310e+08	1.000e+09	-0.32	-0.28	6.426e+03
	6.310e+08	1.000e+09	-0.28	-0.24	6.890e+03
	6.310e+08	1.000e+09	-0.24	-0.20	8.367e+03
	6.310e+08	1.000e+09	-0.20	-0.16	9.648e+03
	6.310e+08	1.000e+09	-0.16	-0.12	1.083e+04
	6.310e+08	1.000e+09	-0.12	-0.08	1.428e+04
	6.310e+08	1.000e+09	-0.08	-0.04	1.620e+04
	6.310e+08	1.000e+09	-0.04	0.00	1.693e+04
	6.310e+08	1.000e+09	0.00	0.04	1.260e+04
	6.310e+08	1.000e+09	0.04	0.08	5.222e+03
	6.310e+08	1.000e+09	0.08	0.12	2.064e+03
	6.310e+08	1.000e+09	0.12	0.16	6.878e+02
	6.310e+08	1.000e+09	0.16	0.20	2.503e+02
	6.310e+08	1.000e+09	0.20	0.24	9.989e+01
	6.310e+08	1.000e+09	0.24	0.28	1.625e+01
	6.310e+08	1.000e+09	0.28	0.32	1.225e+01
	6.310e+08	1.000e+09	0.32	0.36	3.287e+00
	6.310e+08	1.000e+09	0.36	0.40	1.071e+01
	6.310e+08	1.000e+09	0.40	0.44	2.415e+00
	6.310e+08	1.000e+09	0.44	0.48	1.156e+00
	6.310e+08	1.000e+09	0.48	0.52	2.672e-01
	6.310e+08	1.000e+09	0.52	0.56	2.286e-01
	6.310e+08	1.000e+09	0.56	0.60	7.699e-01
	6.310e+08	1.000e+09	0.60	0.64	9.700e-02
	6.310e+08	1.000e+09	0.64	0.68	2.488e-01
	6.310e+08	1.000e+09	0.68	0.72	2.905e-01
	6.310e+08	1.000e+09	0.72	0.76	5.005e-02
	6.310e+08	1.000e+09	0.76	0.80	1.522e-02
	6.310e+08	1.000e+09	0.80	0.84	1.098e+00
	6.310e+08	1.000e+09	0.84	0.88	8.263e-03
	6.310e+08	1.000e+09	0.88	0.92	1.133e-02
	6.310e+08	1.000e+09	0.92	0.96	1.671e-03
	6.310e+08	1.000e+09	0.96	1.00	1.828e-03
	1.000e+09	1.585e+09	-1.00	-0.96	0.000e+00
	1.000e+09	1.585e+09	-0.96	-0.92	0.000e+00
	1.000e+09	1.585e+09	-0.92	-0.88	0.000e+00
	1.000e+09	1.585e+09	-0.88	-0.84	0.000e+00
	1.000e+09	1.585e+09	-0.84	-0.80	0.000e+00
	1.000e+09	1.585e+09	-0.80	-0.76	0.000e+00
	1.000e+09	1.585e+09	-0.76	-0.72	0.000e+00
	1.000e+09	1.585e+09	-0.72	-0.68	0.000e+00
	1.000e+09	1.585e+09	-0.68	-0.64	0.000e+00
	1.000e+09	1.585e+09	-0.64	-0.60	0.000e+00
	1.000e+09	1.585e+09	-0.60	-0.56	0.000e+00
	1.000e+09	1.585e+09	-0.56	-0.52	0.000e+00
	1.000e+09	1.585e+09	-0.52	-0.48	0.000e+00
	1.000e+09	1.585e+09	-0.48	-0.44	0.000e+00
	1.000e+09	1.585e+09	-0.44	-0.40	0.000e+00
	1.000e+09	1.585e+09	-0.40	-0.36	0.000e+00
	1.000e+09	1.585e+09	-0.36	-0.32	0.000e+00
	1.000e+09	1.585e+09	-0.32	-0.28	0.000e+00
	1.000e+09	1.585e+09	-0.28	-0.24	0.000e+00
	1.000e+09	1.585e+09	-0.24	-0.20	0.000e+00
	1.000e+09	1.585e+09	-0.20	-0.16	0.000e+00
	1.000e+09	1.585e+09	-0.16	-0.12	0.000e+00
	1.000e+09	1.585e+09	-0.12	-0.08	0.000e+00
	1.000e+09	1.585e+09	-0.08	-0.04	0.000e+00
	1.000e+09	1.585e+09	-0.04	0.00	0.000e+00
	1.000e+09	1.585e+09	0.00	0.04	0.000e+00
	1.000e+09	1.585e+09	0.04	0.08	0.000e+00
	1.000e+09	1.585e+09	0.08	0.12	0.000e+00
	1.000e+09	1.585e+09	0.12	0.16	0.000e+00
	1.000e+09	1.585e+09	0.16	0.20	0.000e+00
	1.000e+09	1.585e+09	0.20	0.24	0.000e+00
	1.000e+09	1.585e+09	0.24	0.28	0.000e+00
	1.000e+09	1.585e+09	0.28	0.32	0.000e+00
	1.000e+09	1.585e+09	0.32	0.36	0.000e+00
	1.000e+09	1.585e+09	0.36	0.40	0.000e+00
	1.000e+09	1.585e+09	0.40	0.44	0.000e+00
	1.000e+09	1.585e+09	0.44	0.48	0.000e+00
	1.000e+09	1.585e+09	0.48	0.52	0.000e+00
	1.000e+09	1.585e+09	0.52	0.56	0.000e+00
	1.000e+09	1.585e+09	0.56	0.60	0.000e+00
	1.000e+09	1.585e+09	0.60	0.64	0.000e+00
	1.000e+09	1.585e+09	0.64	0.68	0.000e+00
	1.000e+09	1.585e+09	0.68	0.72	0.000e+00
	1.000e+09	1.585e+09	0.72	0.76	0.000e+00
	1.000e+09	1.585e+09	0.76	0.80	0.000e+00
	1.000e+09	1.585e+09	0.80	0.84	0.000e+00
	1.000e+09	1.585e+09	0.84	0.88	0.000e+00
	1.000e+09	1.585e+09	0.88	0.92	0.000e+00
	1.000e+09	1.585e+09	0.92	0.96	0.000e+00
	1.000e+09	1.585e+09	0.96	1.00	0.000e+00
	1.585e+09	2.512e+09	-1.00	-0.96	0.000e+00
	1.585e+09	2.512e+09	-0.96	-0.92	0.000e+00
	1.585e+09	2.512e+09	-0.92	-0.88	0.000e+00
	1.585e+09	2.512e+09	-0.88	-0.84	0.000e+00
	1.585e+09	2.512e+09	-0.84	-0.80	0.000e+00
	1.585e+09	2.512e+09	-0.80	-0.76	0.000e+00
	1.585e+09	2.512e+09	-0.76	-0.72	0.000e+00
	1.585e+09	2.512e+09	-0.72	-0.68	0.000e+00
	1.585e+09	2.512e+09	-0.68	-0.64	0.000e+00
	1.585e+09	2.512e+09	-0.64	-0.60	0.000e+00
	1.585e+09	2.512e+09	-0.60	-0.56	0.000e+00
	1.585e+09	2.512e+09	-0.56	-0.52	0.000e+00
	1.585e+09	2.512e+09	-0.52	-0.48	0.000e+00
	1.585e+09	2.512e+09	-0.48	-0.44	0.000e+00
	1.585e+09	2.512e+09	-0.44	-0.40	0.000e+00
	1.585e+09	2.512e+09	-0.40	-0.36	0.000e+00
	1.585e+09	2.512e+09	-0.36	-0.32	0.000e+00
	1.585e+09	2.512e+09	-0.32	-0.28	0.000e+00
	1.585e+09	2.512e+09	-0.28	-0.24	0.000e+00
	1.585e+09	2.512e+09	-0.24	-0.20	0.000e+00
	1.585e+09	2.512e+09	-0.20	-0.16	0.000e+00
	1.585e+09	2.512e+09	-0.16	-0.12	0.000e+00
	1.585e+09	2.512e+09	-0.12	-0.08	0.000e+00
	1.585e+09	2.512e+09	-0.08	-0.04	0.000e+00
	1.585e+09	2.512e+09	-0.04	0.00	0.000e+00
	1.585e+09	2.512e+09	0.00	0.04	0.000e+00
	1.585e+09	2.512e+09	0.04	0.08	0.000e+00
	1.585e+09	2.512e+09	0.08	0.12	0.000e+00
	1.585e+09	2.512e+09	0.12	0.16	0.000e+00
	1.585e+09	2.512e+09	0.16	0.20	0.000e+00
	1.585e+09	2.512e+09	0.20	0.24	0.000e+00
	1.585e+09	2.512e+09	0.24	0.28	0.000e+00
	1.585e+09	2.512e+09	0.28	0.32	0.000e+00
	1.585e+09	2.512e+09	0.32	0.36	0.000e+00
	1.585e+09	2.512e+09	0.36	0.40	0.000e+00
	1.585e+09	2.512e+09	0.40	0.44	0.000e+00
	1.585e+09	2.512e+09	0.44	0.48	0.000e+00
	1.585e+09	2.512e+09	0.48	0.52	0.000e+00
	1.585e+09	2.512e+09	0.52	0.56	0.000e+00
	1.585e+09	2.512e+09	0.56	0.60	0.000e+00
	1.585e+09	2.512e+09	0.60	0.64	0.000e+00
	1.585e+09	2.512e+09	0.64	0.68	0.000e+00
	1.585e+09	2.512e+09	0.68	0.72	0.000e+00
	1.585e+09	2.512e+09	0.72	0.76	0.000e+00
	1.585e+09	2.512e+09	0.76	0.80	0.000e+00
	1.585e+09	2.512e+09	0.80	0.84	0.000e+00
	1.585e+09	2.512e+09	0.84	0.88	0.000e+00
	1.585e+09	2.512e+09	0.88	0.92	0.000e+00
	1.585e+09	2.512e+09	0.92	0.96	0.000e+00
	1.585e+09	2.512e+09	0.96	1.00	0.000e+00
	2.512e+09	3.981e+09	-1.00	-0.96	0.000e+00
	2.512e+09	3.981e+09	-0.96	-0.92	0.000e+00
	2.512e+09	3.981e+09	-0.92	-0.88	0.000e+00
	2.512e+09	3.981e+09	-0.88	-0.84	0.000e+00
	2.512e+09	3.981e+09	-0.84	-0.80	0.000e+00
	2.512e+09	3.981e+09	-0.80	-0.76	0.000e+00
	2.512e+09	3.981e+09	-0.76	-0.72	0.000e+00
	2.512e+09	3.981e+09	-0.72	-0.68	0.000e+00
	2.512e+09	3.981e+09	-0.68	-0.64	0.000e+00
	2.512e+09	3.981e+09	-0.64	-0.60	0.000e+00
	2.512e+09	3.981e+09	-0.60	-0.56	0.000e+00
	2.512e+09	3.981e+09	-0.56	-0.52	0.000e+00
	2.512e+09	3.981e+09	-0.52	-0.48	0.000e+00
	2.512e+09	3.981e+09	-0.48	-0.44	0.000e+00
	2.512e+09	3.981e+09	-0.44	-0.40	0.000e+00
	2.512e+09	3.981e+09	-0.40	-0.36	0.000e+00
	2.512e+09	3.981e+09	-0.36	-0.32	0.000e+00
	2.512e+09	3.981e+09	-0.32	-0.28	0.000e+00
	2.512e+09	3.981e+09	-0.28	-0.24	0.000e+00
	2.512e+09	3.981e+09	-0.24	-0.20	0.000e+00
	2.512e+09	3.981e+09	-0.20	-0.16	0.000e+00
	2.512e+09	3.981e+09	-0.16	-0.12	0.000e+00
	2.512e+09	3.981e+09	-0.12	-0.08	0.000e+00
	2.512e+09	3.981e+09	-0.08	-0.04	0.000e+00
	2.512e+09	3.981e+09	-0.04	0.00	0.000e+00
	2.512e+09	3.981e+09	0.00	0.04	0.000e+00
	2.512e+09	3.981e+09	0.04	0.08	0.000e+00
	2.512e+09	3.981e+09	0.08	0.12	0.000e+00
	2.512e+09	3.981e+09	0.12	0.16	0.000e+00
	2.512e+09	3.981e+09	0.16	0.20	0.000e+00
	2.512e+09	3.981e+09	0.20	0.24	0.000e+00
	2.512e+09	3.981e+09	0.24	0.28	0.000e+00
	2.512e+09	3.981e+09	0.28	0.32	0.000e+00
	2.512e+09	3.981e+09	0.32	0.36	0.000e+00
	2.512e+09	3.981e+09	0.36	0.40	0.000e+00
	2.512e+09	3.981e+09	0.40	0.44	0.000e+00
	2.512e+09	3.981e+09	0.44	0.48	0.000e+00
	2.512e+09	3.981e+09	0.48	0.52	0.000e+00
	2.512e+09	3.981e+09	0.52	0.56	0.000e+00
	2.512e+09	3.981e+09	0.56	0.60	0.000e+00
	2.512e+09	3.981e+09	0.60	0.64	0.000e+00
	2.512e+09	3.981e+09	0.64	0.68	0.000e+00
	2.512e+09	3.981e+09	0.68	0.72	0.000e+00
	2.512e+09	3.981e+09	0.72	0.76	0.000e+00
	2.512e+09	3.981e+09	0.76	0.80	0.000e+00
	2.512e+09	3.981e+09	0.80	0.84	0.000e+00
	2.512e+09	3.981e+09	0.84	0.88	0.000e+00
	2.512e+09	3.981e+09	0.88	0.92	0.000e+00
	2.512e+09	3.981e+09	0.92	0.96	0.000e+00
	2.512e+09	3.981e+09	0.96	1.00	0.000e+00
	3.981e+09	6.310e+09	-1.00	-0.96	0.000e+00
	3.981e+09	6.310e+09	-0.96	-0.92	0.000e+00
	3.981e+09	6.310e+09	-0.92	-0.88	0.000e+00
	3.981e+09	6.310e+09	-0.88	-0.84	0.000e+00
	3.981e+09	6.310e+09	-0.84	-0.80	0.000e+00
	3.981e+09	6.310e+09	-0.80	-0.76	0.000e+00
	3.981e+09	6.310e+09	-0.76	-0.72	0.000e+00
	3.981e+09	6.310e+09	-0.72	-0.68	0.000e+00
	3.981e+09	6.310e+09	-0.68	-0.64	0.000e+00
	3.981e+09	6.310e+09	-0.64	-0.60	0.000e+00
	3.981e+09	6.310e+09	-0.60	-0.56	0.000e+00
	3.981e+09	6.310e+09	-0.56	-0.52	0.000e+00
	3.981e+09	6.310e+09	-0.52	-0.48	0.000e+00
	3.981e+09	6.310e+09	-0.48	-0.44	0.000e+00
	3.981e+09	6.310e+09	-0.44	-0.40	0.000e+00
	3.981e+09	6.310e+09	-0.40	-0.36	0.000e+00
	3.981e+09	6.310e+09	-0.36	-0.32	0.000e+00
	3.981e+09	6.310e+09	-0.32	-0.28	0.000e+00
	3.981e+09	6.310e+09	-0.28	-0.24	0.000e+00
	3.981e+09	6.310e+09	-0.24	-0.20	0.000e+00
	3.981e+09	6.310e+09	-0.20	-0.16	0.000e+00
	3.981e+09	6.310e+09	-0.16	-0.12	0.000e+00
	3.981e+09	6.310e+09	-0.12	-0.08	0.000e+00
	3.981e+09	6.310e+09	-0.08	-0.04	0.000e+00
	3.981e+09	6.310e+09	-0.04	0.00	0.000e+00
	3.981e+09	6.310e+09	0.00	0.04	0.000e+00
	3.981e+09	6.310e+09	0.04	0.08	0.000e+00
	3.981e+09	6.310e+09	0.08	0.12	0.000e+00
	3.981e+09	6.310e+09	0.12	0.16	0.000e+00
	3.981e+09	6.310e+09	0.16	0.20	0.000e+00
	3.981e+09	6.310e+09	0.20	0.24	0.000e+00
	3.981e+09	6.310e+09	0.24	0.28	0.000e+00
	3.981e+09	6.310e+09	0.28	0.32	0.000e+00
	3.981e+09	6.310e+09	0.32	0.36	0.000e+00
	3.981e+09	6.310e+09	0.36	0.40	0.000e+00
	3.981e+09	6.310e+09	0.40	0.44	0.000e+00
	3.981e+09	6.310e+09	0.44	0.48	0.000e+00
	3.981e+09	6.310e+09	0.48	0.52	0.000e+00
	3.981e+09	6.310e+09	0.52	0.56	0.000e+00
	3.981e+09	6.310e+09	0.56	0.60	0.000e+00
	3.981e+09	6.310e+09	0.60	0.64	0.000e+00
	3.981e+09	6.310e+09	0.64	0.68	0.000e+00
	3.981e+09	6.310e+09	0.68	0.72	0.000e+00
	3.981e+09	6.310e+09	0.72	0.76	0.000e+00
	3.981e+09	6.310e+09	0.76	0.80	0.000e+00
	3.981e+09	6.310e+09	0.80	0.84	0.000e+00
	3.981e+09	6.310e+09	0.84	0.88	0.000e+00
	3.981e+09	6.310e+09	0.88	0.92	0.000e+00
	3.981e+09	6.310e+09	0.92	0.96	0.000e+00
	3.981e+09	6.310e+09	0.96	1.00	0.000e+00
	6.310e+09	1.000e+10	-1.00	-0.96	0.000e+00
	6.310e+09	1.000e+10	-0.96	-0.92	0.000e+00
	6.310e+09	1.000e+10	-0.92	-0.88	0.000e+00
	6.310e+09	1.000e+10	-0.88	-0.84	0.000e+00
	6.310e+09	1.000e+10	-0.84	-0.80	0.000e+00
	6.310e+09	1.000e+10	-0.80	-0.76	0.000e+00
	6.310e+09	1.000e+10	-0.76	-0.72	0.000e+00
	6.310e+09	1.000e+10	-0.72	-0.68	0.000e+00
	6.310e+09	1.000e+10	-0.68	-0.64	0.000e+00
	6.310e+09	1.000e+10	-0.64	-0.60	0.000e+00
	6.310e+09	1.000e+10	-0.60	-0.56	0.000e+00
	6.310e+09	1.000e+10	-0.56	-0.52	0.000e+00
	6.310e+09	1.000e+10	-0.52	-0.48	0.000e+00
	6.310e+09	1.000e+10	-0.48	-0.44	0.000e+00
	6.310e+09	1.000e+10	-0.44	-0.40	0.000e+00
	6.310e+09	1.000e+10	-0.40	-0.36	0.000e+00
	6.310e+09	1.000e+10	-0.36	-0.32	0.000e+00
	6.310e+09	1.000e+10	-0.32	-0.28	0.000e+00
	6.310e+09	1.000e+10	-0.28	-0.24	0.000e+00
	6.310e+09	1.000e+10	-0.24	-0.20	0.000e+00
	6.310e+09	1.000e+10	-0.20	-0.16	0.000e+00
	6.310e+09	1.000e+10	-0.16	-0.12	0.000e+00
	6.310e+09	1.000e+10	-0.12	-0.08	0.000e+00
	6.310e+09	1.000e+10	-0.08	-0.04	0.000e+00
	6.310e+09	1.000e+10	-0.04	0.00	0.000e+00
	6.310e+09	1.000e+10	0.00	0.04	0.000e+00
	6.310e+09	1.000e+10	0.04	0.08	0.000e+00
	6.310e+09	1.000e+10	0.08	0.12	0.000e+00
	6.310e+09	1.000e+10	0.12	0.16	0.000e+00
	6.310e+09	1.000e+10	0.16	0.20	0.000e+00
	6.310e+09	1.000e+10	0.20	0.24	0.000e+00
	6.310e+09	1.000e+10	0.24	0.28	0.000e+00
	6.310e+09	1.000e+10	0.28	0.32	0.000e+00
	6.310e+09	1.000e+10	0.32	0.36	0.000e+00
	6.310e+09	1.000e+10	0.36	0.40	0.000e+00
	6.310e+09	1.000e+10	0.40	0.44	0.000e+00
	6.310e+09	1.000e+10	0.44	0.48	0.000e+00
	6.310e+09	1.000e+10	0.48	0.52	0.000e+00
	6.310e+09	1.000e+10	0.52	0.56	0.000e+00
	6.310e+09	1.000e+10	0.56	0.60	0.000e+00
	6.310e+09	1.000e+10	0.60	0.64	0.000e+00
	6.310e+09	1.000e+10	0.64	0.68	0.000e+00
	6.310e+09	1.000e+10	0.68	0.72	0.000e+00
	6.310e+09	1.000e+10	0.72	0.76	0.000e+00
	6.310e+09	1.000e+10	0.76	0.80	0.000e+00
	6.310e+09	1.000e+10	0.80	0.84	0.000e+00
	6.310e+09	1.000e+10	0.84	0.88	0.000e+00
	6.310e+09	1.000e+10	0.88	0.92	0.000e+00
	6.310e+09	1.000e+10	0.92	0.96	0.000e+00
	6.310e+09	1.000e+10	0.96	1.00	0.000e+00
