# E_min[GeV]	E_max[GeV]	cos(zenith)_min	cos(zenith)_max	A_Eff[m^2]
	1.000e+02	1.585e+02	-1.00	-0.96	0.000e+00
	1.000e+02	1.585e+02	-0.96	-0.92	0.000e+00
	1.000e+02	1.585e+02	-0.92	-0.88	0.000e+00
	1.000e+02	1.585e+02	-0.88	-0.84	0.000e+00
	1.000e+02	1.585e+02	-0.84	-0.80	0.000e+00
	1.000e+02	1.585e+02	-0.80	-0.76	0.000e+00
	1.000e+02	1.585e+02	-0.76	-0.72	0.000e+00
	1.000e+02	1.585e+02	-0.72	-0.68	0.000e+00
	1.000e+02	1.585e+02	-0.68	-0.64	0.000e+00
	1.000e+02	1.585e+02	-0.64	-0.60	0.000e+00
	1.000e+02	1.585e+02	-0.60	-0.56	0.000e+00
	1.000e+02	1.585e+02	-0.56	-0.52	0.000e+00
	1.000e+02	1.585e+02	-0.52	-0.48	0.000e+00
	1.000e+02	1.585e+02	-0.48	-0.44	0.000e+00
	1.000e+02	1.585e+02	-0.44	-0.40	0.000e+00
	1.000e+02	1.585e+02	-0.40	-0.36	0.000e+00
	1.000e+02	1.585e+02	-0.36	-0.32	0.000e+00
	1.000e+02	1.585e+02	-0.32	-0.28	0.000e+00
	1.000e+02	1.585e+02	-0.28	-0.24	0.000e+00
	1.000e+02	1.585e+02	-0.24	-0.20	0.000e+00
	1.000e+02	1.585e+02	-0.20	-0.16	0.000e+00
	1.000e+02	1.585e+02	-0.16	-0.12	0.000e+00
	1.000e+02	1.585e+02	-0.12	-0.08	3.900e-05
	1.000e+02	1.585e+02	-0.08	-0.04	4.940e-04
	1.000e+02	1.585e+02	-0.04	0.00	4.910e-04
	1.000e+02	1.585e+02	0.00	0.04	6.350e-04
	1.000e+02	1.585e+02	0.04	0.08	9.520e-04
	1.000e+02	1.585e+02	0.08	0.12	6.430e-04
	1.000e+02	1.585e+02	0.12	0.16	7.710e-04
	1.000e+02	1.585e+02	0.16	0.20	8.370e-04
	1.000e+02	1.585e+02	0.20	0.24	9.120e-04
	1.000e+02	1.585e+02	0.24	0.28	5.870e-04
	1.000e+02	1.585e+02	0.28	0.32	1.359e-03
	1.000e+02	1.585e+02	0.32	0.36	1.226e-03
	1.000e+02	1.585e+02	0.36	0.40	1.114e-03
	1.000e+02	1.585e+02	0.40	0.44	1.410e-03
	1.000e+02	1.585e+02	0.44	0.48	1.314e-03
	1.000e+02	1.585e+02	0.48	0.52	1.743e-03
	1.000e+02	1.585e+02	0.52	0.56	1.032e-03
	1.000e+02	1.585e+02	0.56	0.60	1.456e-03
	1.000e+02	1.585e+02	0.60	0.64	1.495e-03
	1.000e+02	1.585e+02	0.64	0.68	1.195e-03
	1.000e+02	1.585e+02	0.68	0.72	1.189e-03
	1.000e+02	1.585e+02	0.72	0.76	1.694e-03
	1.000e+02	1.585e+02	0.76	0.80	1.502e-03
	1.000e+02	1.585e+02	0.80	0.84	1.310e-03
	1.000e+02	1.585e+02	0.84	0.88	5.970e-04
	1.000e+02	1.585e+02	0.88	0.92	6.690e-04
	1.000e+02	1.585e+02	0.92	0.96	1.117e-03
	1.000e+02	1.585e+02	0.96	1.00	5.370e-04
	1.585e+02	2.512e+02	-1.00	-0.96	0.000e+00
	1.585e+02	2.512e+02	-0.96	-0.92	0.000e+00
	1.585e+02	2.512e+02	-0.92	-0.88	0.000e+00
	1.585e+02	2.512e+02	-0.88	-0.84	0.000e+00
	1.585e+02	2.512e+02	-0.84	-0.80	0.000e+00
	1.585e+02	2.512e+02	-0.80	-0.76	0.000e+00
	1.585e+02	2.512e+02	-0.76	-0.72	0.000e+00
	1.585e+02	2.512e+02	-0.72	-0.68	0.000e+00
	1.585e+02	2.512e+02	-0.68	-0.64	0.000e+00
	1.585e+02	2.512e+02	-0.64	-0.60	0.000e+00
	1.585e+02	2.512e+02	-0.60	-0.56	0.000e+00
	1.585e+02	2.512e+02	-0.56	-0.52	0.000e+00
	1.585e+02	2.512e+02	-0.52	-0.48	0.000e+00
	1.585e+02	2.512e+02	-0.48	-0.44	0.000e+00
	1.585e+02	2.512e+02	-0.44	-0.40	0.000e+00
	1.585e+02	2.512e+02	-0.40	-0.36	0.000e+00
	1.585e+02	2.512e+02	-0.36	-0.32	0.000e+00
	1.585e+02	2.512e+02	-0.32	-0.28	0.000e+00
	1.585e+02	2.512e+02	-0.28	-0.24	0.000e+00
	1.585e+02	2.512e+02	-0.24	-0.20	0.000e+00
	1.585e+02	2.512e+02	-0.20	-0.16	0.000e+00
	1.585e+02	2.512e+02	-0.16	-0.12	0.000e+00
	1.585e+02	2.512e+02	-0.12	-0.08	5.930e-04
	1.585e+02	2.512e+02	-0.08	-0.04	2.618e-03
	1.585e+02	2.512e+02	-0.04	0.00	2.820e-03
	1.585e+02	2.512e+02	0.00	0.04	3.260e-03
	1.585e+02	2.512e+02	0.04	0.08	3.297e-03
	1.585e+02	2.512e+02	0.08	0.12	4.621e-03
	1.585e+02	2.512e+02	0.12	0.16	4.722e-03
	1.585e+02	2.512e+02	0.16	0.20	4.676e-03
	1.585e+02	2.512e+02	0.20	0.24	5.657e-03
	1.585e+02	2.512e+02	0.24	0.28	5.755e-03
	1.585e+02	2.512e+02	0.28	0.32	5.747e-03
	1.585e+02	2.512e+02	0.32	0.36	6.297e-03
	1.585e+02	2.512e+02	0.36	0.40	5.988e-03
	1.585e+02	2.512e+02	0.40	0.44	6.503e-03
	1.585e+02	2.512e+02	0.44	0.48	8.469e-03
	1.585e+02	2.512e+02	0.48	0.52	8.360e-03
	1.585e+02	2.512e+02	0.52	0.56	7.913e-03
	1.585e+02	2.512e+02	0.56	0.60	5.868e-03
	1.585e+02	2.512e+02	0.60	0.64	7.843e-03
	1.585e+02	2.512e+02	0.64	0.68	6.148e-03
	1.585e+02	2.512e+02	0.68	0.72	7.196e-03
	1.585e+02	2.512e+02	0.72	0.76	6.558e-03
	1.585e+02	2.512e+02	0.76	0.80	5.370e-03
	1.585e+02	2.512e+02	0.80	0.84	5.372e-03
	1.585e+02	2.512e+02	0.84	0.88	6.065e-03
	1.585e+02	2.512e+02	0.88	0.92	7.488e-03
	1.585e+02	2.512e+02	0.92	0.96	4.408e-03
	1.585e+02	2.512e+02	0.96	1.00	3.155e-03
	2.512e+02	3.981e+02	-1.00	-0.96	0.000e+00
	2.512e+02	3.981e+02	-0.96	-0.92	0.000e+00
	2.512e+02	3.981e+02	-0.92	-0.88	0.000e+00
	2.512e+02	3.981e+02	-0.88	-0.84	0.000e+00
	2.512e+02	3.981e+02	-0.84	-0.80	0.000e+00
	2.512e+02	3.981e+02	-0.80	-0.76	0.000e+00
	2.512e+02	3.981e+02	-0.76	-0.72	0.000e+00
	2.512e+02	3.981e+02	-0.72	-0.68	0.000e+00
	2.512e+02	3.981e+02	-0.68	-0.64	0.000e+00
	2.512e+02	3.981e+02	-0.64	-0.60	0.000e+00
	2.512e+02	3.981e+02	-0.60	-0.56	0.000e+00
	2.512e+02	3.981e+02	-0.56	-0.52	0.000e+00
	2.512e+02	3.981e+02	-0.52	-0.48	0.000e+00
	2.512e+02	3.981e+02	-0.48	-0.44	0.000e+00
	2.512e+02	3.981e+02	-0.44	-0.40	0.000e+00
	2.512e+02	3.981e+02	-0.40	-0.36	0.000e+00
	2.512e+02	3.981e+02	-0.36	-0.32	0.000e+00
	2.512e+02	3.981e+02	-0.32	-0.28	0.000e+00
	2.512e+02	3.981e+02	-0.28	-0.24	0.000e+00
	2.512e+02	3.981e+02	-0.24	-0.20	0.000e+00
	2.512e+02	3.981e+02	-0.20	-0.16	0.000e+00
	2.512e+02	3.981e+02	-0.16	-0.12	2.250e-04
	2.512e+02	3.981e+02	-0.12	-0.08	3.187e-03
	2.512e+02	3.981e+02	-0.08	-0.04	5.614e-03
	2.512e+02	3.981e+02	-0.04	0.00	1.201e-02
	2.512e+02	3.981e+02	0.00	0.04	1.505e-02
	2.512e+02	3.981e+02	0.04	0.08	1.347e-02
	2.512e+02	3.981e+02	0.08	0.12	1.607e-02
	2.512e+02	3.981e+02	0.12	0.16	1.430e-02
	2.512e+02	3.981e+02	0.16	0.20	1.857e-02
	2.512e+02	3.981e+02	0.20	0.24	2.152e-02
	2.512e+02	3.981e+02	0.24	0.28	2.006e-02
	2.512e+02	3.981e+02	0.28	0.32	1.924e-02
	2.512e+02	3.981e+02	0.32	0.36	2.340e-02
	2.512e+02	3.981e+02	0.36	0.40	2.225e-02
	2.512e+02	3.981e+02	0.40	0.44	2.267e-02
	2.512e+02	3.981e+02	0.44	0.48	2.477e-02
	2.512e+02	3.981e+02	0.48	0.52	2.913e-02
	2.512e+02	3.981e+02	0.52	0.56	2.669e-02
	2.512e+02	3.981e+02	0.56	0.60	2.299e-02
	2.512e+02	3.981e+02	0.60	0.64	3.032e-02
	2.512e+02	3.981e+02	0.64	0.68	2.264e-02
	2.512e+02	3.981e+02	0.68	0.72	2.497e-02
	2.512e+02	3.981e+02	0.72	0.76	2.087e-02
	2.512e+02	3.981e+02	0.76	0.80	2.348e-02
	2.512e+02	3.981e+02	0.80	0.84	2.240e-02
	2.512e+02	3.981e+02	0.84	0.88	2.118e-02
	2.512e+02	3.981e+02	0.88	0.92	1.996e-02
	2.512e+02	3.981e+02	0.92	0.96	2.072e-02
	2.512e+02	3.981e+02	0.96	1.00	1.371e-02
	3.981e+02	6.310e+02	-1.00	-0.96	0.000e+00
	3.981e+02	6.310e+02	-0.96	-0.92	0.000e+00
	3.981e+02	6.310e+02	-0.92	-0.88	0.000e+00
	3.981e+02	6.310e+02	-0.88	-0.84	0.000e+00
	3.981e+02	6.310e+02	-0.84	-0.80	0.000e+00
	3.981e+02	6.310e+02	-0.80	-0.76	0.000e+00
	3.981e+02	6.310e+02	-0.76	-0.72	0.000e+00
	3.981e+02	6.310e+02	-0.72	-0.68	0.000e+00
	3.981e+02	6.310e+02	-0.68	-0.64	0.000e+00
	3.981e+02	6.310e+02	-0.64	-0.60	0.000e+00
	3.981e+02	6.310e+02	-0.60	-0.56	0.000e+00
	3.981e+02	6.310e+02	-0.56	-0.52	0.000e+00
	3.981e+02	6.310e+02	-0.52	-0.48	0.000e+00
	3.981e+02	6.310e+02	-0.48	-0.44	0.000e+00
	3.981e+02	6.310e+02	-0.44	-0.40	0.000e+00
	3.981e+02	6.310e+02	-0.40	-0.36	0.000e+00
	3.981e+02	6.310e+02	-0.36	-0.32	0.000e+00
	3.981e+02	6.310e+02	-0.32	-0.28	0.000e+00
	3.981e+02	6.310e+02	-0.28	-0.24	0.000e+00
	3.981e+02	6.310e+02	-0.24	-0.20	0.000e+00
	3.981e+02	6.310e+02	-0.20	-0.16	0.000e+00
	3.981e+02	6.310e+02	-0.16	-0.12	1.231e-03
	3.981e+02	6.310e+02	-0.12	-0.08	8.824e-03
	3.981e+02	6.310e+02	-0.08	-0.04	2.419e-02
	3.981e+02	6.310e+02	-0.04	0.00	4.270e-02
	3.981e+02	6.310e+02	0.00	0.04	3.999e-02
	3.981e+02	6.310e+02	0.04	0.08	4.676e-02
	3.981e+02	6.310e+02	0.08	0.12	4.822e-02
	3.981e+02	6.310e+02	0.12	0.16	5.033e-02
	3.981e+02	6.310e+02	0.16	0.20	5.366e-02
	3.981e+02	6.310e+02	0.20	0.24	5.471e-02
	3.981e+02	6.310e+02	0.24	0.28	6.328e-02
	3.981e+02	6.310e+02	0.28	0.32	6.952e-02
	3.981e+02	6.310e+02	0.32	0.36	7.219e-02
	3.981e+02	6.310e+02	0.36	0.40	7.720e-02
	3.981e+02	6.310e+02	0.40	0.44	6.773e-02
	3.981e+02	6.310e+02	0.44	0.48	7.463e-02
	3.981e+02	6.310e+02	0.48	0.52	7.156e-02
	3.981e+02	6.310e+02	0.52	0.56	7.200e-02
	3.981e+02	6.310e+02	0.56	0.60	7.691e-02
	3.981e+02	6.310e+02	0.60	0.64	8.383e-02
	3.981e+02	6.310e+02	0.64	0.68	7.244e-02
	3.981e+02	6.310e+02	0.68	0.72	7.095e-02
	3.981e+02	6.310e+02	0.72	0.76	7.440e-02
	3.981e+02	6.310e+02	0.76	0.80	7.021e-02
	3.981e+02	6.310e+02	0.80	0.84	7.079e-02
	3.981e+02	6.310e+02	0.84	0.88	5.769e-02
	3.981e+02	6.310e+02	0.88	0.92	6.127e-02
	3.981e+02	6.310e+02	0.92	0.96	5.967e-02
	3.981e+02	6.310e+02	0.96	1.00	5.243e-02
	6.310e+02	1.000e+03	-1.00	-0.96	0.000e+00
	6.310e+02	1.000e+03	-0.96	-0.92	0.000e+00
	6.310e+02	1.000e+03	-0.92	-0.88	0.000e+00
	6.310e+02	1.000e+03	-0.88	-0.84	0.000e+00
	6.310e+02	1.000e+03	-0.84	-0.80	0.000e+00
	6.310e+02	1.000e+03	-0.80	-0.76	0.000e+00
	6.310e+02	1.000e+03	-0.76	-0.72	0.000e+00
	6.310e+02	1.000e+03	-0.72	-0.68	0.000e+00
	6.310e+02	1.000e+03	-0.68	-0.64	0.000e+00
	6.310e+02	1.000e+03	-0.64	-0.60	0.000e+00
	6.310e+02	1.000e+03	-0.60	-0.56	0.000e+00
	6.310e+02	1.000e+03	-0.56	-0.52	0.000e+00
	6.310e+02	1.000e+03	-0.52	-0.48	0.000e+00
	6.310e+02	1.000e+03	-0.48	-0.44	0.000e+00
	6.310e+02	1.000e+03	-0.44	-0.40	0.000e+00
	6.310e+02	1.000e+03	-0.40	-0.36	0.000e+00
	6.310e+02	1.000e+03	-0.36	-0.32	0.000e+00
	6.310e+02	1.000e+03	-0.32	-0.28	0.000e+00
	6.310e+02	1.000e+03	-0.28	-0.24	0.000e+00
	6.310e+02	1.000e+03	-0.24	-0.20	0.000e+00
	6.310e+02	1.000e+03	-0.20	-0.16	0.000e+00
	6.310e+02	1.000e+03	-0.16	-0.12	4.103e-03
	6.310e+02	1.000e+03	-0.12	-0.08	3.635e-02
	6.310e+02	1.000e+03	-0.08	-0.04	7.779e-02
	6.310e+02	1.000e+03	-0.04	0.00	1.242e-01
	6.310e+02	1.000e+03	0.00	0.04	1.044e-01
	6.310e+02	1.000e+03	0.04	0.08	1.217e-01
	6.310e+02	1.000e+03	0.08	0.12	1.252e-01
	6.310e+02	1.000e+03	0.12	0.16	1.364e-01
	6.310e+02	1.000e+03	0.16	0.20	1.386e-01
	6.310e+02	1.000e+03	0.20	0.24	1.605e-01
	6.310e+02	1.000e+03	0.24	0.28	1.461e-01
	6.310e+02	1.000e+03	0.28	0.32	1.585e-01
	6.310e+02	1.000e+03	0.32	0.36	1.774e-01
	6.310e+02	1.000e+03	0.36	0.40	1.912e-01
	6.310e+02	1.000e+03	0.40	0.44	1.640e-01
	6.310e+02	1.000e+03	0.44	0.48	1.866e-01
	6.310e+02	1.000e+03	0.48	0.52	1.907e-01
	6.310e+02	1.000e+03	0.52	0.56	1.991e-01
	6.310e+02	1.000e+03	0.56	0.60	1.882e-01
	6.310e+02	1.000e+03	0.60	0.64	1.947e-01
	6.310e+02	1.000e+03	0.64	0.68	1.769e-01
	6.310e+02	1.000e+03	0.68	0.72	1.737e-01
	6.310e+02	1.000e+03	0.72	0.76	1.711e-01
	6.310e+02	1.000e+03	0.76	0.80	1.716e-01
	6.310e+02	1.000e+03	0.80	0.84	1.747e-01
	6.310e+02	1.000e+03	0.84	0.88	1.647e-01
	6.310e+02	1.000e+03	0.88	0.92	1.698e-01
	6.310e+02	1.000e+03	0.92	0.96	1.676e-01
	6.310e+02	1.000e+03	0.96	1.00	1.275e-01
	1.000e+03	1.585e+03	-1.00	-0.96	0.000e+00
	1.000e+03	1.585e+03	-0.96	-0.92	0.000e+00
	1.000e+03	1.585e+03	-0.92	-0.88	0.000e+00
	1.000e+03	1.585e+03	-0.88	-0.84	0.000e+00
	1.000e+03	1.585e+03	-0.84	-0.80	0.000e+00
	1.000e+03	1.585e+03	-0.80	-0.76	0.000e+00
	1.000e+03	1.585e+03	-0.76	-0.72	0.000e+00
	1.000e+03	1.585e+03	-0.72	-0.68	0.000e+00
	1.000e+03	1.585e+03	-0.68	-0.64	0.000e+00
	1.000e+03	1.585e+03	-0.64	-0.60	0.000e+00
	1.000e+03	1.585e+03	-0.60	-0.56	0.000e+00
	1.000e+03	1.585e+03	-0.56	-0.52	0.000e+00
	1.000e+03	1.585e+03	-0.52	-0.48	0.000e+00
	1.000e+03	1.585e+03	-0.48	-0.44	0.000e+00
	1.000e+03	1.585e+03	-0.44	-0.40	0.000e+00
	1.000e+03	1.585e+03	-0.40	-0.36	0.000e+00
	1.000e+03	1.585e+03	-0.36	-0.32	0.000e+00
	1.000e+03	1.585e+03	-0.32	-0.28	0.000e+00
	1.000e+03	1.585e+03	-0.28	-0.24	0.000e+00
	1.000e+03	1.585e+03	-0.24	-0.20	0.000e+00
	1.000e+03	1.585e+03	-0.20	-0.16	3.317e-03
	1.000e+03	1.585e+03	-0.16	-0.12	1.448e-02
	1.000e+03	1.585e+03	-0.12	-0.08	8.940e-02
	1.000e+03	1.585e+03	-0.08	-0.04	2.109e-01
	1.000e+03	1.585e+03	-0.04	0.00	2.502e-01
	1.000e+03	1.585e+03	0.00	0.04	2.791e-01
	1.000e+03	1.585e+03	0.04	0.08	2.861e-01
	1.000e+03	1.585e+03	0.08	0.12	2.884e-01
	1.000e+03	1.585e+03	0.12	0.16	3.776e-01
	1.000e+03	1.585e+03	0.16	0.20	3.788e-01
	1.000e+03	1.585e+03	0.20	0.24	3.979e-01
	1.000e+03	1.585e+03	0.24	0.28	4.102e-01
	1.000e+03	1.585e+03	0.28	0.32	4.635e-01
	1.000e+03	1.585e+03	0.32	0.36	4.206e-01
	1.000e+03	1.585e+03	0.36	0.40	4.078e-01
	1.000e+03	1.585e+03	0.40	0.44	4.756e-01
	1.000e+03	1.585e+03	0.44	0.48	4.523e-01
	1.000e+03	1.585e+03	0.48	0.52	4.404e-01
	1.000e+03	1.585e+03	0.52	0.56	4.200e-01
	1.000e+03	1.585e+03	0.56	0.60	4.409e-01
	1.000e+03	1.585e+03	0.60	0.64	4.486e-01
	1.000e+03	1.585e+03	0.64	0.68	4.274e-01
	1.000e+03	1.585e+03	0.68	0.72	4.395e-01
	1.000e+03	1.585e+03	0.72	0.76	3.815e-01
	1.000e+03	1.585e+03	0.76	0.80	3.821e-01
	1.000e+03	1.585e+03	0.80	0.84	4.029e-01
	1.000e+03	1.585e+03	0.84	0.88	4.068e-01
	1.000e+03	1.585e+03	0.88	0.92	4.144e-01
	1.000e+03	1.585e+03	0.92	0.96	3.472e-01
	1.000e+03	1.585e+03	0.96	1.00	3.086e-01
	1.585e+03	2.512e+03	-1.00	-0.96	0.000e+00
	1.585e+03	2.512e+03	-0.96	-0.92	0.000e+00
	1.585e+03	2.512e+03	-0.92	-0.88	0.000e+00
	1.585e+03	2.512e+03	-0.88	-0.84	0.000e+00
	1.585e+03	2.512e+03	-0.84	-0.80	0.000e+00
	1.585e+03	2.512e+03	-0.80	-0.76	0.000e+00
	1.585e+03	2.512e+03	-0.76	-0.72	0.000e+00
	1.585e+03	2.512e+03	-0.72	-0.68	0.000e+00
	1.585e+03	2.512e+03	-0.68	-0.64	0.000e+00
	1.585e+03	2.512e+03	-0.64	-0.60	0.000e+00
	1.585e+03	2.512e+03	-0.60	-0.56	0.000e+00
	1.585e+03	2.512e+03	-0.56	-0.52	0.000e+00
	1.585e+03	2.512e+03	-0.52	-0.48	0.000e+00
	1.585e+03	2.512e+03	-0.48	-0.44	0.000e+00
	1.585e+03	2.512e+03	-0.44	-0.40	0.000e+00
	1.585e+03	2.512e+03	-0.40	-0.36	0.000e+00
	1.585e+03	2.512e+03	-0.36	-0.32	0.000e+00
	1.585e+03	2.512e+03	-0.32	-0.28	0.000e+00
	1.585e+03	2.512e+03	-0.28	-0.24	0.000e+00
	1.585e+03	2.512e+03	-0.24	-0.20	3.686e-03
	1.585e+03	2.512e+03	-0.20	-0.16	4.142e-03
	1.585e+03	2.512e+03	-0.16	-0.12	5.057e-02
	1.585e+03	2.512e+03	-0.12	-0.08	2.346e-01
	1.585e+03	2.512e+03	-0.08	-0.04	5.452e-01
	1.585e+03	2.512e+03	-0.04	0.00	7.439e-01
	1.585e+03	2.512e+03	0.00	0.04	6.231e-01
	1.585e+03	2.512e+03	0.04	0.08	7.203e-01
	1.585e+03	2.512e+03	0.08	0.12	8.581e-01
	1.585e+03	2.512e+03	0.12	0.16	7.571e-01
	1.585e+03	2.512e+03	0.16	0.20	7.769e-01
	1.585e+03	2.512e+03	0.20	0.24	8.372e-01
	1.585e+03	2.512e+03	0.24	0.28	9.176e-01
	1.585e+03	2.512e+03	0.28	0.32	8.990e-01
	1.585e+03	2.512e+03	0.32	0.36	9.547e-01
	1.585e+03	2.512e+03	0.36	0.40	9.545e-01
	1.585e+03	2.512e+03	0.40	0.44	1.040e+00
	1.585e+03	2.512e+03	0.44	0.48	9.526e-01
	1.585e+03	2.512e+03	0.48	0.52	1.061e+00
	1.585e+03	2.512e+03	0.52	0.56	9.265e-01
	1.585e+03	2.512e+03	0.56	0.60	9.817e-01
	1.585e+03	2.512e+03	0.60	0.64	8.767e-01
	1.585e+03	2.512e+03	0.64	0.68	8.302e-01
	1.585e+03	2.512e+03	0.68	0.72	9.028e-01
	1.585e+03	2.512e+03	0.72	0.76	9.472e-01
	1.585e+03	2.512e+03	0.76	0.80	9.382e-01
	1.585e+03	2.512e+03	0.80	0.84	9.288e-01
	1.585e+03	2.512e+03	0.84	0.88	8.931e-01
	1.585e+03	2.512e+03	0.88	0.92	7.977e-01
	1.585e+03	2.512e+03	0.92	0.96	7.831e-01
	1.585e+03	2.512e+03	0.96	1.00	7.612e-01
	2.512e+03	3.981e+03	-1.00	-0.96	0.000e+00
	2.512e+03	3.981e+03	-0.96	-0.92	0.000e+00
	2.512e+03	3.981e+03	-0.92	-0.88	0.000e+00
	2.512e+03	3.981e+03	-0.88	-0.84	0.000e+00
	2.512e+03	3.981e+03	-0.84	-0.80	0.000e+00
	2.512e+03	3.981e+03	-0.80	-0.76	0.000e+00
	2.512e+03	3.981e+03	-0.76	-0.72	0.000e+00
	2.512e+03	3.981e+03	-0.72	-0.68	0.000e+00
	2.512e+03	3.981e+03	-0.68	-0.64	0.000e+00
	2.512e+03	3.981e+03	-0.64	-0.60	0.000e+00
	2.512e+03	3.981e+03	-0.60	-0.56	0.000e+00
	2.512e+03	3.981e+03	-0.56	-0.52	0.000e+00
	2.512e+03	3.981e+03	-0.52	-0.48	0.000e+00
	2.512e+03	3.981e+03	-0.48	-0.44	0.000e+00
	2.512e+03	3.981e+03	-0.44	-0.40	0.000e+00
	2.512e+03	3.981e+03	-0.40	-0.36	0.000e+00
	2.512e+03	3.981e+03	-0.36	-0.32	0.000e+00
	2.512e+03	3.981e+03	-0.32	-0.28	0.000e+00
	2.512e+03	3.981e+03	-0.28	-0.24	0.000e+00
	2.512e+03	3.981e+03	-0.24	-0.20	4.615e-03
	2.512e+03	3.981e+03	-0.20	-0.16	1.510e-02
	2.512e+03	3.981e+03	-0.16	-0.12	8.021e-02
	2.512e+03	3.981e+03	-0.12	-0.08	3.966e-01
	2.512e+03	3.981e+03	-0.08	-0.04	1.170e+00
	2.512e+03	3.981e+03	-0.04	0.00	1.552e+00
	2.512e+03	3.981e+03	0.00	0.04	1.378e+00
	2.512e+03	3.981e+03	0.04	0.08	1.531e+00
	2.512e+03	3.981e+03	0.08	0.12	1.774e+00
	2.512e+03	3.981e+03	0.12	0.16	1.784e+00
	2.512e+03	3.981e+03	0.16	0.20	1.785e+00
	2.512e+03	3.981e+03	0.20	0.24	1.935e+00
	2.512e+03	3.981e+03	0.24	0.28	1.885e+00
	2.512e+03	3.981e+03	0.28	0.32	2.074e+00
	2.512e+03	3.981e+03	0.32	0.36	1.912e+00
	2.512e+03	3.981e+03	0.36	0.40	1.980e+00
	2.512e+03	3.981e+03	0.40	0.44	2.088e+00
	2.512e+03	3.981e+03	0.44	0.48	1.979e+00
	2.512e+03	3.981e+03	0.48	0.52	2.008e+00
	2.512e+03	3.981e+03	0.52	0.56	2.015e+00
	2.512e+03	3.981e+03	0.56	0.60	1.989e+00
	2.512e+03	3.981e+03	0.60	0.64	2.005e+00
	2.512e+03	3.981e+03	0.64	0.68	1.870e+00
	2.512e+03	3.981e+03	0.68	0.72	1.884e+00
	2.512e+03	3.981e+03	0.72	0.76	1.868e+00
	2.512e+03	3.981e+03	0.76	0.80	1.964e+00
	2.512e+03	3.981e+03	0.80	0.84	1.796e+00
	2.512e+03	3.981e+03	0.84	0.88	1.796e+00
	2.512e+03	3.981e+03	0.88	0.92	1.734e+00
	2.512e+03	3.981e+03	0.92	0.96	1.719e+00
	2.512e+03	3.981e+03	0.96	1.00	1.407e+00
	3.981e+03	6.310e+03	-1.00	-0.96	0.000e+00
	3.981e+03	6.310e+03	-0.96	-0.92	0.000e+00
	3.981e+03	6.310e+03	-0.92	-0.88	0.000e+00
	3.981e+03	6.310e+03	-0.88	-0.84	0.000e+00
	3.981e+03	6.310e+03	-0.84	-0.80	0.000e+00
	3.981e+03	6.310e+03	-0.80	-0.76	0.000e+00
	3.981e+03	6.310e+03	-0.76	-0.72	0.000e+00
	3.981e+03	6.310e+03	-0.72	-0.68	0.000e+00
	3.981e+03	6.310e+03	-0.68	-0.64	0.000e+00
	3.981e+03	6.310e+03	-0.64	-0.60	0.000e+00
	3.981e+03	6.310e+03	-0.60	-0.56	0.000e+00
	3.981e+03	6.310e+03	-0.56	-0.52	0.000e+00
	3.981e+03	6.310e+03	-0.52	-0.48	0.000e+00
	3.981e+03	6.310e+03	-0.48	-0.44	0.000e+00
	3.981e+03	6.310e+03	-0.44	-0.40	0.000e+00
	3.981e+03	6.310e+03	-0.40	-0.36	0.000e+00
	3.981e+03	6.310e+03	-0.36	-0.32	0.000e+00
	3.981e+03	6.310e+03	-0.32	-0.28	0.000e+00
	3.981e+03	6.310e+03	-0.28	-0.24	0.000e+00
	3.981e+03	6.310e+03	-0.24	-0.20	2.879e-02
	3.981e+03	6.310e+03	-0.20	-0.16	4.315e-02
	3.981e+03	6.310e+03	-0.16	-0.12	2.888e-01
	3.981e+03	6.310e+03	-0.12	-0.08	1.046e+00
	3.981e+03	6.310e+03	-0.08	-0.04	2.539e+00
	3.981e+03	6.310e+03	-0.04	0.00	3.152e+00
	3.981e+03	6.310e+03	0.00	0.04	3.101e+00
	3.981e+03	6.310e+03	0.04	0.08	3.753e+00
	3.981e+03	6.310e+03	0.08	0.12	3.605e+00
	3.981e+03	6.310e+03	0.12	0.16	3.476e+00
	3.981e+03	6.310e+03	0.16	0.20	3.671e+00
	3.981e+03	6.310e+03	0.20	0.24	3.658e+00
	3.981e+03	6.310e+03	0.24	0.28	3.718e+00
	3.981e+03	6.310e+03	0.28	0.32	4.003e+00
	3.981e+03	6.310e+03	0.32	0.36	3.894e+00
	3.981e+03	6.310e+03	0.36	0.40	3.807e+00
	3.981e+03	6.310e+03	0.40	0.44	3.980e+00
	3.981e+03	6.310e+03	0.44	0.48	4.077e+00
	3.981e+03	6.310e+03	0.48	0.52	3.896e+00
	3.981e+03	6.310e+03	0.52	0.56	3.894e+00
	3.981e+03	6.310e+03	0.56	0.60	3.643e+00
	3.981e+03	6.310e+03	0.60	0.64	3.988e+00
	3.981e+03	6.310e+03	0.64	0.68	3.730e+00
	3.981e+03	6.310e+03	0.68	0.72	4.144e+00
	3.981e+03	6.310e+03	0.72	0.76	3.760e+00
	3.981e+03	6.310e+03	0.76	0.80	3.556e+00
	3.981e+03	6.310e+03	0.80	0.84	3.712e+00
	3.981e+03	6.310e+03	0.84	0.88	3.295e+00
	3.981e+03	6.310e+03	0.88	0.92	3.466e+00
	3.981e+03	6.310e+03	0.92	0.96	3.197e+00
	3.981e+03	6.310e+03	0.96	1.00	2.952e+00
	6.310e+03	1.000e+04	-1.00	-0.96	0.000e+00
	6.310e+03	1.000e+04	-0.96	-0.92	0.000e+00
	6.310e+03	1.000e+04	-0.92	-0.88	0.000e+00
	6.310e+03	1.000e+04	-0.88	-0.84	0.000e+00
	6.310e+03	1.000e+04	-0.84	-0.80	0.000e+00
	6.310e+03	1.000e+04	-0.80	-0.76	0.000e+00
	6.310e+03	1.000e+04	-0.76	-0.72	0.000e+00
	6.310e+03	1.000e+04	-0.72	-0.68	0.000e+00
	6.310e+03	1.000e+04	-0.68	-0.64	0.000e+00
	6.310e+03	1.000e+04	-0.64	-0.60	0.000e+00
	6.310e+03	1.000e+04	-0.60	-0.56	0.000e+00
	6.310e+03	1.000e+04	-0.56	-0.52	0.000e+00
	6.310e+03	1.000e+04	-0.52	-0.48	0.000e+00
	6.310e+03	1.000e+04	-0.48	-0.44	0.000e+00
	6.310e+03	1.000e+04	-0.44	-0.40	0.000e+00
	6.310e+03	1.000e+04	-0.40	-0.36	0.000e+00
	6.310e+03	1.000e+04	-0.36	-0.32	0.000e+00
	6.310e+03	1.000e+04	-0.32	-0.28	6.122e-03
	6.310e+03	1.000e+04	-0.28	-0.24	1.992e-02
	6.310e+03	1.000e+04	-0.24	-0.20	4.237e-02
	6.310e+03	1.000e+04	-0.20	-0.16	1.552e-01
	6.310e+03	1.000e+04	-0.16	-0.12	6.634e-01
	6.310e+03	1.000e+04	-0.12	-0.08	2.043e+00
	6.310e+03	1.000e+04	-0.08	-0.04	5.495e+00
	6.310e+03	1.000e+04	-0.04	0.00	6.425e+00
	6.310e+03	1.000e+04	0.00	0.04	6.592e+00
	6.310e+03	1.000e+04	0.04	0.08	6.665e+00
	6.310e+03	1.000e+04	0.08	0.12	6.636e+00
	6.310e+03	1.000e+04	0.12	0.16	7.281e+00
	6.310e+03	1.000e+04	0.16	0.20	7.417e+00
	6.310e+03	1.000e+04	0.20	0.24	7.042e+00
	6.310e+03	1.000e+04	0.24	0.28	7.336e+00
	6.310e+03	1.000e+04	0.28	0.32	7.005e+00
	6.310e+03	1.000e+04	0.32	0.36	7.149e+00
	6.310e+03	1.000e+04	0.36	0.40	7.759e+00
	6.310e+03	1.000e+04	0.40	0.44	7.829e+00
	6.310e+03	1.000e+04	0.44	0.48	7.543e+00
	6.310e+03	1.000e+04	0.48	0.52	7.569e+00
	6.310e+03	1.000e+04	0.52	0.56	7.505e+00
	6.310e+03	1.000e+04	0.56	0.60	6.701e+00
	6.310e+03	1.000e+04	0.60	0.64	7.013e+00
	6.310e+03	1.000e+04	0.64	0.68	6.878e+00
	6.310e+03	1.000e+04	0.68	0.72	6.593e+00
	6.310e+03	1.000e+04	0.72	0.76	6.909e+00
	6.310e+03	1.000e+04	0.76	0.80	7.145e+00
	6.310e+03	1.000e+04	0.80	0.84	6.878e+00
	6.310e+03	1.000e+04	0.84	0.88	6.073e+00
	6.310e+03	1.000e+04	0.88	0.92	6.106e+00
	6.310e+03	1.000e+04	0.92	0.96	5.475e+00
	6.310e+03	1.000e+04	0.96	1.00	5.214e+00
	1.000e+04	1.585e+04	-1.00	-0.96	0.000e+00
	1.000e+04	1.585e+04	-0.96	-0.92	0.000e+00
	1.000e+04	1.585e+04	-0.92	-0.88	0.000e+00
	1.000e+04	1.585e+04	-0.88	-0.84	0.000e+00
	1.000e+04	1.585e+04	-0.84	-0.80	0.000e+00
	1.000e+04	1.585e+04	-0.80	-0.76	0.000e+00
	1.000e+04	1.585e+04	-0.76	-0.72	0.000e+00
	1.000e+04	1.585e+04	-0.72	-0.68	0.000e+00
	1.000e+04	1.585e+04	-0.68	-0.64	0.000e+00
	1.000e+04	1.585e+04	-0.64	-0.60	0.000e+00
	1.000e+04	1.585e+04	-0.60	-0.56	0.000e+00
	1.000e+04	1.585e+04	-0.56	-0.52	0.000e+00
	1.000e+04	1.585e+04	-0.52	-0.48	0.000e+00
	1.000e+04	1.585e+04	-0.48	-0.44	0.000e+00
	1.000e+04	1.585e+04	-0.44	-0.40	0.000e+00
	1.000e+04	1.585e+04	-0.40	-0.36	0.000e+00
	1.000e+04	1.585e+04	-0.36	-0.32	2.324e-02
	1.000e+04	1.585e+04	-0.32	-0.28	2.808e-02
	1.000e+04	1.585e+04	-0.28	-0.24	6.477e-02
	1.000e+04	1.585e+04	-0.24	-0.20	7.066e-02
	1.000e+04	1.585e+04	-0.20	-0.16	4.133e-01
	1.000e+04	1.585e+04	-0.16	-0.12	1.190e+00
	1.000e+04	1.585e+04	-0.12	-0.08	5.200e+00
	1.000e+04	1.585e+04	-0.08	-0.04	1.026e+01
	1.000e+04	1.585e+04	-0.04	0.00	1.150e+01
	1.000e+04	1.585e+04	0.00	0.04	1.232e+01
	1.000e+04	1.585e+04	0.04	0.08	1.269e+01
	1.000e+04	1.585e+04	0.08	0.12	1.305e+01
	1.000e+04	1.585e+04	0.12	0.16	1.303e+01
	1.000e+04	1.585e+04	0.16	0.20	1.330e+01
	1.000e+04	1.585e+04	0.20	0.24	1.204e+01
	1.000e+04	1.585e+04	0.24	0.28	1.291e+01
	1.000e+04	1.585e+04	0.28	0.32	1.259e+01
	1.000e+04	1.585e+04	0.32	0.36	1.324e+01
	1.000e+04	1.585e+04	0.36	0.40	1.290e+01
	1.000e+04	1.585e+04	0.40	0.44	1.176e+01
	1.000e+04	1.585e+04	0.44	0.48	1.327e+01
	1.000e+04	1.585e+04	0.48	0.52	1.329e+01
	1.000e+04	1.585e+04	0.52	0.56	1.217e+01
	1.000e+04	1.585e+04	0.56	0.60	1.249e+01
	1.000e+04	1.585e+04	0.60	0.64	1.321e+01
	1.000e+04	1.585e+04	0.64	0.68	1.169e+01
	1.000e+04	1.585e+04	0.68	0.72	1.127e+01
	1.000e+04	1.585e+04	0.72	0.76	1.130e+01
	1.000e+04	1.585e+04	0.76	0.80	1.227e+01
	1.000e+04	1.585e+04	0.80	0.84	1.083e+01
	1.000e+04	1.585e+04	0.84	0.88	9.852e+00
	1.000e+04	1.585e+04	0.88	0.92	1.037e+01
	1.000e+04	1.585e+04	0.92	0.96	9.356e+00
	1.000e+04	1.585e+04	0.96	1.00	9.445e+00
	1.585e+04	2.512e+04	-1.00	-0.96	3.513e-02
	1.585e+04	2.512e+04	-0.96	-0.92	2.320e-02
	1.585e+04	2.512e+04	-0.92	-0.88	4.477e-03
	1.585e+04	2.512e+04	-0.88	-0.84	4.637e-02
	1.585e+04	2.512e+04	-0.84	-0.80	0.000e+00
	1.585e+04	2.512e+04	-0.80	-0.76	1.731e-02
	1.585e+04	2.512e+04	-0.76	-0.72	2.469e-02
	1.585e+04	2.512e+04	-0.72	-0.68	2.575e-02
	1.585e+04	2.512e+04	-0.68	-0.64	3.121e-02
	1.585e+04	2.512e+04	-0.64	-0.60	1.390e-02
	1.585e+04	2.512e+04	-0.60	-0.56	8.194e-03
	1.585e+04	2.512e+04	-0.56	-0.52	1.400e-02
	1.585e+04	2.512e+04	-0.52	-0.48	3.366e-02
	1.585e+04	2.512e+04	-0.48	-0.44	3.282e-02
	1.585e+04	2.512e+04	-0.44	-0.40	3.791e-02
	1.585e+04	2.512e+04	-0.40	-0.36	5.143e-02
	1.585e+04	2.512e+04	-0.36	-0.32	8.819e-02
	1.585e+04	2.512e+04	-0.32	-0.28	1.223e-01
	1.585e+04	2.512e+04	-0.28	-0.24	1.507e-01
	1.585e+04	2.512e+04	-0.24	-0.20	2.702e-01
	1.585e+04	2.512e+04	-0.20	-0.16	8.445e-01
	1.585e+04	2.512e+04	-0.16	-0.12	2.376e+00
	1.585e+04	2.512e+04	-0.12	-0.08	8.046e+00
	1.585e+04	2.512e+04	-0.08	-0.04	2.109e+01
	1.585e+04	2.512e+04	-0.04	0.00	2.339e+01
	1.585e+04	2.512e+04	0.00	0.04	2.270e+01
	1.585e+04	2.512e+04	0.04	0.08	2.309e+01
	1.585e+04	2.512e+04	0.08	0.12	2.471e+01
	1.585e+04	2.512e+04	0.12	0.16	2.275e+01
	1.585e+04	2.512e+04	0.16	0.20	2.196e+01
	1.585e+04	2.512e+04	0.20	0.24	2.173e+01
	1.585e+04	2.512e+04	0.24	0.28	2.297e+01
	1.585e+04	2.512e+04	0.28	0.32	2.183e+01
	1.585e+04	2.512e+04	0.32	0.36	2.194e+01
	1.585e+04	2.512e+04	0.36	0.40	2.064e+01
	1.585e+04	2.512e+04	0.40	0.44	2.139e+01
	1.585e+04	2.512e+04	0.44	0.48	2.057e+01
	1.585e+04	2.512e+04	0.48	0.52	2.019e+01
	1.585e+04	2.512e+04	0.52	0.56	2.094e+01
	1.585e+04	2.512e+04	0.56	0.60	2.054e+01
	1.585e+04	2.512e+04	0.60	0.64	2.007e+01
	1.585e+04	2.512e+04	0.64	0.68	2.063e+01
	1.585e+04	2.512e+04	0.68	0.72	2.001e+01
	1.585e+04	2.512e+04	0.72	0.76	1.951e+01
	1.585e+04	2.512e+04	0.76	0.80	1.817e+01
	1.585e+04	2.512e+04	0.80	0.84	1.714e+01
	1.585e+04	2.512e+04	0.84	0.88	1.747e+01
	1.585e+04	2.512e+04	0.88	0.92	1.813e+01
	1.585e+04	2.512e+04	0.92	0.96	1.432e+01
	1.585e+04	2.512e+04	0.96	1.00	1.356e+01
	2.512e+04	3.981e+04	-1.00	-0.96	3.280e-01
	2.512e+04	3.981e+04	-0.96	-0.92	1.830e-01
	2.512e+04	3.981e+04	-0.92	-0.88	1.742e-01
	2.512e+04	3.981e+04	-0.88	-0.84	1.734e-01
	2.512e+04	3.981e+04	-0.84	-0.80	1.321e-01
	2.512e+04	3.981e+04	-0.80	-0.76	1.137e-01
	2.512e+04	3.981e+04	-0.76	-0.72	9.214e-02
	2.512e+04	3.981e+04	-0.72	-0.68	1.063e-01
	2.512e+04	3.981e+04	-0.68	-0.64	1.720e-01
	2.512e+04	3.981e+04	-0.64	-0.60	1.983e-01
	2.512e+04	3.981e+04	-0.60	-0.56	1.268e-01
	2.512e+04	3.981e+04	-0.56	-0.52	1.880e-01
	2.512e+04	3.981e+04	-0.52	-0.48	2.156e-01
	2.512e+04	3.981e+04	-0.48	-0.44	2.263e-01
	2.512e+04	3.981e+04	-0.44	-0.40	2.277e-01
	2.512e+04	3.981e+04	-0.40	-0.36	2.535e-01
	2.512e+04	3.981e+04	-0.36	-0.32	2.741e-01
	2.512e+04	3.981e+04	-0.32	-0.28	4.039e-01
	2.512e+04	3.981e+04	-0.28	-0.24	3.810e-01
	2.512e+04	3.981e+04	-0.24	-0.20	1.170e+00
	2.512e+04	3.981e+04	-0.20	-0.16	1.856e+00
	2.512e+04	3.981e+04	-0.16	-0.12	5.616e+00
	2.512e+04	3.981e+04	-0.12	-0.08	1.520e+01
	2.512e+04	3.981e+04	-0.08	-0.04	3.472e+01
	2.512e+04	3.981e+04	-0.04	0.00	3.735e+01
	2.512e+04	3.981e+04	0.00	0.04	3.676e+01
	2.512e+04	3.981e+04	0.04	0.08	3.772e+01
	2.512e+04	3.981e+04	0.08	0.12	3.702e+01
	2.512e+04	3.981e+04	0.12	0.16	3.676e+01
	2.512e+04	3.981e+04	0.16	0.20	3.651e+01
	2.512e+04	3.981e+04	0.20	0.24	3.465e+01
	2.512e+04	3.981e+04	0.24	0.28	3.814e+01
	2.512e+04	3.981e+04	0.28	0.32	3.729e+01
	2.512e+04	3.981e+04	0.32	0.36	3.549e+01
	2.512e+04	3.981e+04	0.36	0.40	3.589e+01
	2.512e+04	3.981e+04	0.40	0.44	3.745e+01
	2.512e+04	3.981e+04	0.44	0.48	3.252e+01
	2.512e+04	3.981e+04	0.48	0.52	3.298e+01
	2.512e+04	3.981e+04	0.52	0.56	3.225e+01
	2.512e+04	3.981e+04	0.56	0.60	3.275e+01
	2.512e+04	3.981e+04	0.60	0.64	3.234e+01
	2.512e+04	3.981e+04	0.64	0.68	2.947e+01
	2.512e+04	3.981e+04	0.68	0.72	3.141e+01
	2.512e+04	3.981e+04	0.72	0.76	3.116e+01
	2.512e+04	3.981e+04	0.76	0.80	2.955e+01
	2.512e+04	3.981e+04	0.80	0.84	2.939e+01
	2.512e+04	3.981e+04	0.84	0.88	2.393e+01
	2.512e+04	3.981e+04	0.88	0.92	2.459e+01
	2.512e+04	3.981e+04	0.92	0.96	2.085e+01
	2.512e+04	3.981e+04	0.96	1.00	1.916e+01
	3.981e+04	6.310e+04	-1.00	-0.96	8.971e-01
	3.981e+04	6.310e+04	-0.96	-0.92	7.490e-01
	3.981e+04	6.310e+04	-0.92	-0.88	6.046e-01
	3.981e+04	6.310e+04	-0.88	-0.84	5.343e-01
	3.981e+04	6.310e+04	-0.84	-0.80	3.186e-01
	3.981e+04	6.310e+04	-0.80	-0.76	3.424e-01
	3.981e+04	6.310e+04	-0.76	-0.72	4.847e-01
	3.981e+04	6.310e+04	-0.72	-0.68	3.922e-01
	3.981e+04	6.310e+04	-0.68	-0.64	5.563e-01
	3.981e+04	6.310e+04	-0.64	-0.60	6.315e-01
	3.981e+04	6.310e+04	-0.60	-0.56	5.034e-01
	3.981e+04	6.310e+04	-0.56	-0.52	6.563e-01
	3.981e+04	6.310e+04	-0.52	-0.48	6.290e-01
	3.981e+04	6.310e+04	-0.48	-0.44	6.215e-01
	3.981e+04	6.310e+04	-0.44	-0.40	7.469e-01
	3.981e+04	6.310e+04	-0.40	-0.36	1.083e+00
	3.981e+04	6.310e+04	-0.36	-0.32	1.414e+00
	3.981e+04	6.310e+04	-0.32	-0.28	1.062e+00
	3.981e+04	6.310e+04	-0.28	-0.24	1.594e+00
	3.981e+04	6.310e+04	-0.24	-0.20	2.507e+00
	3.981e+04	6.310e+04	-0.20	-0.16	4.240e+00
	3.981e+04	6.310e+04	-0.16	-0.12	8.829e+00
	3.981e+04	6.310e+04	-0.12	-0.08	2.508e+01
	3.981e+04	6.310e+04	-0.08	-0.04	5.521e+01
	3.981e+04	6.310e+04	-0.04	0.00	6.172e+01
	3.981e+04	6.310e+04	0.00	0.04	5.997e+01
	3.981e+04	6.310e+04	0.04	0.08	6.063e+01
	3.981e+04	6.310e+04	0.08	0.12	6.306e+01
	3.981e+04	6.310e+04	0.12	0.16	5.806e+01
	3.981e+04	6.310e+04	0.16	0.20	5.783e+01
	3.981e+04	6.310e+04	0.20	0.24	5.718e+01
	3.981e+04	6.310e+04	0.24	0.28	5.745e+01
	3.981e+04	6.310e+04	0.28	0.32	5.814e+01
	3.981e+04	6.310e+04	0.32	0.36	5.329e+01
	3.981e+04	6.310e+04	0.36	0.40	5.560e+01
	3.981e+04	6.310e+04	0.40	0.44	5.318e+01
	3.981e+04	6.310e+04	0.44	0.48	5.238e+01
	3.981e+04	6.310e+04	0.48	0.52	5.006e+01
	3.981e+04	6.310e+04	0.52	0.56	4.875e+01
	3.981e+04	6.310e+04	0.56	0.60	4.910e+01
	3.981e+04	6.310e+04	0.60	0.64	4.857e+01
	3.981e+04	6.310e+04	0.64	0.68	4.296e+01
	3.981e+04	6.310e+04	0.68	0.72	4.374e+01
	3.981e+04	6.310e+04	0.72	0.76	4.301e+01
	3.981e+04	6.310e+04	0.76	0.80	3.880e+01
	3.981e+04	6.310e+04	0.80	0.84	4.108e+01
	3.981e+04	6.310e+04	0.84	0.88	3.356e+01
	3.981e+04	6.310e+04	0.88	0.92	2.874e+01
	3.981e+04	6.310e+04	0.92	0.96	2.568e+01
	3.981e+04	6.310e+04	0.96	1.00	2.255e+01
	6.310e+04	1.000e+05	-1.00	-0.96	2.657e+00
	6.310e+04	1.000e+05	-0.96	-0.92	2.154e+00
	6.310e+04	1.000e+05	-0.92	-0.88	1.685e+00
	6.310e+04	1.000e+05	-0.88	-0.84	1.113e+00
	6.310e+04	1.000e+05	-0.84	-0.80	1.309e+00
	6.310e+04	1.000e+05	-0.80	-0.76	1.078e+00
	6.310e+04	1.000e+05	-0.76	-0.72	1.535e+00
	6.310e+04	1.000e+05	-0.72	-0.68	9.393e-01
	6.310e+04	1.000e+05	-0.68	-0.64	1.350e+00
	6.310e+04	1.000e+05	-0.64	-0.60	1.686e+00
	6.310e+04	1.000e+05	-0.60	-0.56	1.643e+00
	6.310e+04	1.000e+05	-0.56	-0.52	1.940e+00
	6.310e+04	1.000e+05	-0.52	-0.48	1.979e+00
	6.310e+04	1.000e+05	-0.48	-0.44	2.379e+00
	6.310e+04	1.000e+05	-0.44	-0.40	2.565e+00
	6.310e+04	1.000e+05	-0.40	-0.36	3.219e+00
	6.310e+04	1.000e+05	-0.36	-0.32	3.351e+00
	6.310e+04	1.000e+05	-0.32	-0.28	4.146e+00
	6.310e+04	1.000e+05	-0.28	-0.24	5.858e+00
	6.310e+04	1.000e+05	-0.24	-0.20	6.114e+00
	6.310e+04	1.000e+05	-0.20	-0.16	9.860e+00
	6.310e+04	1.000e+05	-0.16	-0.12	1.658e+01
	6.310e+04	1.000e+05	-0.12	-0.08	4.382e+01
	6.310e+04	1.000e+05	-0.08	-0.04	7.862e+01
	6.310e+04	1.000e+05	-0.04	0.00	9.462e+01
	6.310e+04	1.000e+05	0.00	0.04	1.013e+02
	6.310e+04	1.000e+05	0.04	0.08	8.941e+01
	6.310e+04	1.000e+05	0.08	0.12	9.432e+01
	6.310e+04	1.000e+05	0.12	0.16	9.123e+01
	6.310e+04	1.000e+05	0.16	0.20	8.848e+01
	6.310e+04	1.000e+05	0.20	0.24	8.753e+01
	6.310e+04	1.000e+05	0.24	0.28	7.951e+01
	6.310e+04	1.000e+05	0.28	0.32	8.203e+01
	6.310e+04	1.000e+05	0.32	0.36	7.895e+01
	6.310e+04	1.000e+05	0.36	0.40	7.622e+01
	6.310e+04	1.000e+05	0.40	0.44	7.543e+01
	6.310e+04	1.000e+05	0.44	0.48	7.270e+01
	6.310e+04	1.000e+05	0.48	0.52	7.033e+01
	6.310e+04	1.000e+05	0.52	0.56	7.264e+01
	6.310e+04	1.000e+05	0.56	0.60	6.347e+01
	6.310e+04	1.000e+05	0.60	0.64	7.213e+01
	6.310e+04	1.000e+05	0.64	0.68	6.260e+01
	6.310e+04	1.000e+05	0.68	0.72	5.920e+01
	6.310e+04	1.000e+05	0.72	0.76	5.847e+01
	6.310e+04	1.000e+05	0.76	0.80	5.691e+01
	6.310e+04	1.000e+05	0.80	0.84	5.315e+01
	6.310e+04	1.000e+05	0.84	0.88	4.199e+01
	6.310e+04	1.000e+05	0.88	0.92	4.159e+01
	6.310e+04	1.000e+05	0.92	0.96	3.119e+01
	6.310e+04	1.000e+05	0.96	1.00	2.699e+01
	1.000e+05	1.585e+05	-1.00	-0.96	6.747e+00
	1.000e+05	1.585e+05	-0.96	-0.92	4.918e+00
	1.000e+05	1.585e+05	-0.92	-0.88	4.084e+00
	1.000e+05	1.585e+05	-0.88	-0.84	3.334e+00
	1.000e+05	1.585e+05	-0.84	-0.80	3.289e+00
	1.000e+05	1.585e+05	-0.80	-0.76	4.015e+00
	1.000e+05	1.585e+05	-0.76	-0.72	3.478e+00
	1.000e+05	1.585e+05	-0.72	-0.68	3.937e+00
	1.000e+05	1.585e+05	-0.68	-0.64	4.541e+00
	1.000e+05	1.585e+05	-0.64	-0.60	5.004e+00
	1.000e+05	1.585e+05	-0.60	-0.56	4.811e+00
	1.000e+05	1.585e+05	-0.56	-0.52	5.663e+00
	1.000e+05	1.585e+05	-0.52	-0.48	6.175e+00
	1.000e+05	1.585e+05	-0.48	-0.44	6.833e+00
	1.000e+05	1.585e+05	-0.44	-0.40	8.083e+00
	1.000e+05	1.585e+05	-0.40	-0.36	9.415e+00
	1.000e+05	1.585e+05	-0.36	-0.32	7.894e+00
	1.000e+05	1.585e+05	-0.32	-0.28	1.087e+01
	1.000e+05	1.585e+05	-0.28	-0.24	1.121e+01
	1.000e+05	1.585e+05	-0.24	-0.20	1.357e+01
	1.000e+05	1.585e+05	-0.20	-0.16	2.055e+01
	1.000e+05	1.585e+05	-0.16	-0.12	3.649e+01
	1.000e+05	1.585e+05	-0.12	-0.08	7.092e+01
	1.000e+05	1.585e+05	-0.08	-0.04	1.321e+02
	1.000e+05	1.585e+05	-0.04	0.00	1.451e+02
	1.000e+05	1.585e+05	0.00	0.04	1.506e+02
	1.000e+05	1.585e+05	0.04	0.08	1.554e+02
	1.000e+05	1.585e+05	0.08	0.12	1.401e+02
	1.000e+05	1.585e+05	0.12	0.16	1.314e+02
	1.000e+05	1.585e+05	0.16	0.20	1.231e+02
	1.000e+05	1.585e+05	0.20	0.24	1.196e+02
	1.000e+05	1.585e+05	0.24	0.28	1.130e+02
	1.000e+05	1.585e+05	0.28	0.32	1.155e+02
	1.000e+05	1.585e+05	0.32	0.36	1.117e+02
	1.000e+05	1.585e+05	0.36	0.40	1.082e+02
	1.000e+05	1.585e+05	0.40	0.44	1.014e+02
	1.000e+05	1.585e+05	0.44	0.48	9.881e+01
	1.000e+05	1.585e+05	0.48	0.52	9.567e+01
	1.000e+05	1.585e+05	0.52	0.56	9.792e+01
	1.000e+05	1.585e+05	0.56	0.60	8.161e+01
	1.000e+05	1.585e+05	0.60	0.64	8.251e+01
	1.000e+05	1.585e+05	0.64	0.68	7.705e+01
	1.000e+05	1.585e+05	0.68	0.72	7.405e+01
	1.000e+05	1.585e+05	0.72	0.76	6.858e+01
	1.000e+05	1.585e+05	0.76	0.80	7.315e+01
	1.000e+05	1.585e+05	0.80	0.84	6.175e+01
	1.000e+05	1.585e+05	0.84	0.88	5.458e+01
	1.000e+05	1.585e+05	0.88	0.92	4.849e+01
	1.000e+05	1.585e+05	0.92	0.96	3.524e+01
	1.000e+05	1.585e+05	0.96	1.00	2.856e+01
	1.585e+05	2.512e+05	-1.00	-0.96	1.555e+01
	1.585e+05	2.512e+05	-0.96	-0.92	1.251e+01
	1.585e+05	2.512e+05	-0.92	-0.88	1.074e+01
	1.585e+05	2.512e+05	-0.88	-0.84	9.968e+00
	1.585e+05	2.512e+05	-0.84	-0.80	9.785e+00
	1.585e+05	2.512e+05	-0.80	-0.76	9.909e+00
	1.585e+05	2.512e+05	-0.76	-0.72	1.070e+01
	1.585e+05	2.512e+05	-0.72	-0.68	1.220e+01
	1.585e+05	2.512e+05	-0.68	-0.64	1.232e+01
	1.585e+05	2.512e+05	-0.64	-0.60	1.217e+01
	1.585e+05	2.512e+05	-0.60	-0.56	1.424e+01
	1.585e+05	2.512e+05	-0.56	-0.52	1.567e+01
	1.585e+05	2.512e+05	-0.52	-0.48	1.637e+01
	1.585e+05	2.512e+05	-0.48	-0.44	1.661e+01
	1.585e+05	2.512e+05	-0.44	-0.40	1.915e+01
	1.585e+05	2.512e+05	-0.40	-0.36	2.046e+01
	1.585e+05	2.512e+05	-0.36	-0.32	2.347e+01
	1.585e+05	2.512e+05	-0.32	-0.28	2.670e+01
	1.585e+05	2.512e+05	-0.28	-0.24	2.358e+01
	1.585e+05	2.512e+05	-0.24	-0.20	3.015e+01
	1.585e+05	2.512e+05	-0.20	-0.16	4.004e+01
	1.585e+05	2.512e+05	-0.16	-0.12	5.987e+01
	1.585e+05	2.512e+05	-0.12	-0.08	1.078e+02
	1.585e+05	2.512e+05	-0.08	-0.04	1.981e+02
	1.585e+05	2.512e+05	-0.04	0.00	2.282e+02
	1.585e+05	2.512e+05	0.00	0.04	2.145e+02
	1.585e+05	2.512e+05	0.04	0.08	2.077e+02
	1.585e+05	2.512e+05	0.08	0.12	1.917e+02
	1.585e+05	2.512e+05	0.12	0.16	1.825e+02
	1.585e+05	2.512e+05	0.16	0.20	1.680e+02
	1.585e+05	2.512e+05	0.20	0.24	1.639e+02
	1.585e+05	2.512e+05	0.24	0.28	1.586e+02
	1.585e+05	2.512e+05	0.28	0.32	1.579e+02
	1.585e+05	2.512e+05	0.32	0.36	1.523e+02
	1.585e+05	2.512e+05	0.36	0.40	1.462e+02
	1.585e+05	2.512e+05	0.40	0.44	1.397e+02
	1.585e+05	2.512e+05	0.44	0.48	1.264e+02
	1.585e+05	2.512e+05	0.48	0.52	1.281e+02
	1.585e+05	2.512e+05	0.52	0.56	1.203e+02
	1.585e+05	2.512e+05	0.56	0.60	1.092e+02
	1.585e+05	2.512e+05	0.60	0.64	1.035e+02
	1.585e+05	2.512e+05	0.64	0.68	1.037e+02
	1.585e+05	2.512e+05	0.68	0.72	9.041e+01
	1.585e+05	2.512e+05	0.72	0.76	8.113e+01
	1.585e+05	2.512e+05	0.76	0.80	7.929e+01
	1.585e+05	2.512e+05	0.80	0.84	7.707e+01
	1.585e+05	2.512e+05	0.84	0.88	5.691e+01
	1.585e+05	2.512e+05	0.88	0.92	4.098e+01
	1.585e+05	2.512e+05	0.92	0.96	3.061e+01
	1.585e+05	2.512e+05	0.96	1.00	2.558e+01
	2.512e+05	3.981e+05	-1.00	-0.96	3.016e+01
	2.512e+05	3.981e+05	-0.96	-0.92	2.503e+01
	2.512e+05	3.981e+05	-0.92	-0.88	2.460e+01
	2.512e+05	3.981e+05	-0.88	-0.84	2.154e+01
	2.512e+05	3.981e+05	-0.84	-0.80	2.307e+01
	2.512e+05	3.981e+05	-0.80	-0.76	2.174e+01
	2.512e+05	3.981e+05	-0.76	-0.72	2.314e+01
	2.512e+05	3.981e+05	-0.72	-0.68	2.538e+01
	2.512e+05	3.981e+05	-0.68	-0.64	2.879e+01
	2.512e+05	3.981e+05	-0.64	-0.60	2.784e+01
	2.512e+05	3.981e+05	-0.60	-0.56	3.147e+01
	2.512e+05	3.981e+05	-0.56	-0.52	3.349e+01
	2.512e+05	3.981e+05	-0.52	-0.48	3.679e+01
	2.512e+05	3.981e+05	-0.48	-0.44	3.904e+01
	2.512e+05	3.981e+05	-0.44	-0.40	4.203e+01
	2.512e+05	3.981e+05	-0.40	-0.36	4.862e+01
	2.512e+05	3.981e+05	-0.36	-0.32	4.601e+01
	2.512e+05	3.981e+05	-0.32	-0.28	4.848e+01
	2.512e+05	3.981e+05	-0.28	-0.24	5.256e+01
	2.512e+05	3.981e+05	-0.24	-0.20	6.009e+01
	2.512e+05	3.981e+05	-0.20	-0.16	6.790e+01
	2.512e+05	3.981e+05	-0.16	-0.12	9.684e+01
	2.512e+05	3.981e+05	-0.12	-0.08	1.706e+02
	2.512e+05	3.981e+05	-0.08	-0.04	2.926e+02
	2.512e+05	3.981e+05	-0.04	0.00	2.763e+02
	2.512e+05	3.981e+05	0.00	0.04	3.051e+02
	2.512e+05	3.981e+05	0.04	0.08	2.890e+02
	2.512e+05	3.981e+05	0.08	0.12	2.702e+02
	2.512e+05	3.981e+05	0.12	0.16	2.415e+02
	2.512e+05	3.981e+05	0.16	0.20	2.164e+02
	2.512e+05	3.981e+05	0.20	0.24	2.245e+02
	2.512e+05	3.981e+05	0.24	0.28	2.065e+02
	2.512e+05	3.981e+05	0.28	0.32	2.052e+02
	2.512e+05	3.981e+05	0.32	0.36	2.007e+02
	2.512e+05	3.981e+05	0.36	0.40	1.799e+02
	2.512e+05	3.981e+05	0.40	0.44	1.840e+02
	2.512e+05	3.981e+05	0.44	0.48	1.570e+02
	2.512e+05	3.981e+05	0.48	0.52	1.490e+02
	2.512e+05	3.981e+05	0.52	0.56	1.356e+02
	2.512e+05	3.981e+05	0.56	0.60	1.378e+02
	2.512e+05	3.981e+05	0.60	0.64	1.172e+02
	2.512e+05	3.981e+05	0.64	0.68	1.166e+02
	2.512e+05	3.981e+05	0.68	0.72	1.027e+02
	2.512e+05	3.981e+05	0.72	0.76	9.922e+01
	2.512e+05	3.981e+05	0.76	0.80	9.245e+01
	2.512e+05	3.981e+05	0.80	0.84	8.355e+01
	2.512e+05	3.981e+05	0.84	0.88	5.547e+01
	2.512e+05	3.981e+05	0.88	0.92	3.915e+01
	2.512e+05	3.981e+05	0.92	0.96	3.393e+01
	2.512e+05	3.981e+05	0.96	1.00	2.363e+01
	3.981e+05	6.310e+05	-1.00	-0.96	4.998e+01
	3.981e+05	6.310e+05	-0.96	-0.92	4.740e+01
	3.981e+05	6.310e+05	-0.92	-0.88	4.670e+01
	3.981e+05	6.310e+05	-0.88	-0.84	4.414e+01
	3.981e+05	6.310e+05	-0.84	-0.80	4.630e+01
	3.981e+05	6.310e+05	-0.80	-0.76	4.559e+01
	3.981e+05	6.310e+05	-0.76	-0.72	5.041e+01
	3.981e+05	6.310e+05	-0.72	-0.68	5.280e+01
	3.981e+05	6.310e+05	-0.68	-0.64	5.427e+01
	3.981e+05	6.310e+05	-0.64	-0.60	5.531e+01
	3.981e+05	6.310e+05	-0.60	-0.56	5.978e+01
	3.981e+05	6.310e+05	-0.56	-0.52	6.415e+01
	3.981e+05	6.310e+05	-0.52	-0.48	6.961e+01
	3.981e+05	6.310e+05	-0.48	-0.44	7.413e+01
	3.981e+05	6.310e+05	-0.44	-0.40	8.102e+01
	3.981e+05	6.310e+05	-0.40	-0.36	8.483e+01
	3.981e+05	6.310e+05	-0.36	-0.32	8.298e+01
	3.981e+05	6.310e+05	-0.32	-0.28	9.255e+01
	3.981e+05	6.310e+05	-0.28	-0.24	9.901e+01
	3.981e+05	6.310e+05	-0.24	-0.20	1.070e+02
	3.981e+05	6.310e+05	-0.20	-0.16	1.294e+02
	3.981e+05	6.310e+05	-0.16	-0.12	1.683e+02
	3.981e+05	6.310e+05	-0.12	-0.08	2.767e+02
	3.981e+05	6.310e+05	-0.08	-0.04	4.075e+02
	3.981e+05	6.310e+05	-0.04	0.00	4.244e+02
	3.981e+05	6.310e+05	0.00	0.04	4.190e+02
	3.981e+05	6.310e+05	0.04	0.08	4.072e+02
	3.981e+05	6.310e+05	0.08	0.12	3.892e+02
	3.981e+05	6.310e+05	0.12	0.16	3.469e+02
	3.981e+05	6.310e+05	0.16	0.20	3.150e+02
	3.981e+05	6.310e+05	0.20	0.24	2.953e+02
	3.981e+05	6.310e+05	0.24	0.28	2.766e+02
	3.981e+05	6.310e+05	0.28	0.32	2.792e+02
	3.981e+05	6.310e+05	0.32	0.36	2.527e+02
	3.981e+05	6.310e+05	0.36	0.40	2.367e+02
	3.981e+05	6.310e+05	0.40	0.44	2.079e+02
	3.981e+05	6.310e+05	0.44	0.48	2.033e+02
	3.981e+05	6.310e+05	0.48	0.52	1.902e+02
	3.981e+05	6.310e+05	0.52	0.56	1.621e+02
	3.981e+05	6.310e+05	0.56	0.60	1.666e+02
	3.981e+05	6.310e+05	0.60	0.64	1.394e+02
	3.981e+05	6.310e+05	0.64	0.68	1.141e+02
	3.981e+05	6.310e+05	0.68	0.72	1.078e+02
	3.981e+05	6.310e+05	0.72	0.76	1.017e+02
	3.981e+05	6.310e+05	0.76	0.80	9.958e+01
	3.981e+05	6.310e+05	0.80	0.84	8.386e+01
	3.981e+05	6.310e+05	0.84	0.88	4.617e+01
	3.981e+05	6.310e+05	0.88	0.92	3.033e+01
	3.981e+05	6.310e+05	0.92	0.96	2.378e+01
	3.981e+05	6.310e+05	0.96	1.00	1.591e+01
	6.310e+05	1.000e+06	-1.00	-0.96	7.570e+01
	6.310e+05	1.000e+06	-0.96	-0.92	7.550e+01
	6.310e+05	1.000e+06	-0.92	-0.88	7.279e+01
	6.310e+05	1.000e+06	-0.88	-0.84	7.799e+01
	6.310e+05	1.000e+06	-0.84	-0.80	7.594e+01
	6.310e+05	1.000e+06	-0.80	-0.76	7.866e+01
	6.310e+05	1.000e+06	-0.76	-0.72	8.177e+01
	6.310e+05	1.000e+06	-0.72	-0.68	8.282e+01
	6.310e+05	1.000e+06	-0.68	-0.64	8.902e+01
	6.310e+05	1.000e+06	-0.64	-0.60	9.520e+01
	6.310e+05	1.000e+06	-0.60	-0.56	1.005e+02
	6.310e+05	1.000e+06	-0.56	-0.52	1.103e+02
	6.310e+05	1.000e+06	-0.52	-0.48	1.154e+02
	6.310e+05	1.000e+06	-0.48	-0.44	1.291e+02
	6.310e+05	1.000e+06	-0.44	-0.40	1.298e+02
	6.310e+05	1.000e+06	-0.40	-0.36	1.412e+02
	6.310e+05	1.000e+06	-0.36	-0.32	1.476e+02
	6.310e+05	1.000e+06	-0.32	-0.28	1.523e+02
	6.310e+05	1.000e+06	-0.28	-0.24	1.667e+02
	6.310e+05	1.000e+06	-0.24	-0.20	1.820e+02
	6.310e+05	1.000e+06	-0.20	-0.16	1.934e+02
	6.310e+05	1.000e+06	-0.16	-0.12	2.545e+02
	6.310e+05	1.000e+06	-0.12	-0.08	3.694e+02
	6.310e+05	1.000e+06	-0.08	-0.04	5.635e+02
	6.310e+05	1.000e+06	-0.04	0.00	5.729e+02
	6.310e+05	1.000e+06	0.00	0.04	5.802e+02
	6.310e+05	1.000e+06	0.04	0.08	5.438e+02
	6.310e+05	1.000e+06	0.08	0.12	4.829e+02
	6.310e+05	1.000e+06	0.12	0.16	4.138e+02
	6.310e+05	1.000e+06	0.16	0.20	3.958e+02
	6.310e+05	1.000e+06	0.20	0.24	3.926e+02
	6.310e+05	1.000e+06	0.24	0.28	3.631e+02
	6.310e+05	1.000e+06	0.28	0.32	3.301e+02
	6.310e+05	1.000e+06	0.32	0.36	3.161e+02
	6.310e+05	1.000e+06	0.36	0.40	2.647e+02
	6.310e+05	1.000e+06	0.40	0.44	2.203e+02
	6.310e+05	1.000e+06	0.44	0.48	2.234e+02
	6.310e+05	1.000e+06	0.48	0.52	1.891e+02
	6.310e+05	1.000e+06	0.52	0.56	1.774e+02
	6.310e+05	1.000e+06	0.56	0.60	1.698e+02
	6.310e+05	1.000e+06	0.60	0.64	1.527e+02
	6.310e+05	1.000e+06	0.64	0.68	1.229e+02
	6.310e+05	1.000e+06	0.68	0.72	1.221e+02
	6.310e+05	1.000e+06	0.72	0.76	1.127e+02
	6.310e+05	1.000e+06	0.76	0.80	9.234e+01
	6.310e+05	1.000e+06	0.80	0.84	8.266e+01
	6.310e+05	1.000e+06	0.84	0.88	4.438e+01
	6.310e+05	1.000e+06	0.88	0.92	2.813e+01
	6.310e+05	1.000e+06	0.92	0.96	3.002e+01
	6.310e+05	1.000e+06	0.96	1.00	1.057e+01
	1.000e+06	1.585e+06	-1.00	-0.96	1.061e+02
	1.000e+06	1.585e+06	-0.96	-0.92	1.085e+02
	1.000e+06	1.585e+06	-0.92	-0.88	1.092e+02
	1.000e+06	1.585e+06	-0.88	-0.84	1.113e+02
	1.000e+06	1.585e+06	-0.84	-0.80	1.165e+02
	1.000e+06	1.585e+06	-0.80	-0.76	1.204e+02
	1.000e+06	1.585e+06	-0.76	-0.72	1.338e+02
	1.000e+06	1.585e+06	-0.72	-0.68	1.309e+02
	1.000e+06	1.585e+06	-0.68	-0.64	1.373e+02
	1.000e+06	1.585e+06	-0.64	-0.60	1.504e+02
	1.000e+06	1.585e+06	-0.60	-0.56	1.537e+02
	1.000e+06	1.585e+06	-0.56	-0.52	1.683e+02
	1.000e+06	1.585e+06	-0.52	-0.48	1.733e+02
	1.000e+06	1.585e+06	-0.48	-0.44	1.877e+02
	1.000e+06	1.585e+06	-0.44	-0.40	1.926e+02
	1.000e+06	1.585e+06	-0.40	-0.36	2.111e+02
	1.000e+06	1.585e+06	-0.36	-0.32	2.260e+02
	1.000e+06	1.585e+06	-0.32	-0.28	2.302e+02
	1.000e+06	1.585e+06	-0.28	-0.24	2.589e+02
	1.000e+06	1.585e+06	-0.24	-0.20	2.811e+02
	1.000e+06	1.585e+06	-0.20	-0.16	3.032e+02
	1.000e+06	1.585e+06	-0.16	-0.12	3.809e+02
	1.000e+06	1.585e+06	-0.12	-0.08	5.147e+02
	1.000e+06	1.585e+06	-0.08	-0.04	7.485e+02
	1.000e+06	1.585e+06	-0.04	0.00	7.887e+02
	1.000e+06	1.585e+06	0.00	0.04	7.842e+02
	1.000e+06	1.585e+06	0.04	0.08	6.966e+02
	1.000e+06	1.585e+06	0.08	0.12	6.093e+02
	1.000e+06	1.585e+06	0.12	0.16	5.480e+02
	1.000e+06	1.585e+06	0.16	0.20	4.924e+02
	1.000e+06	1.585e+06	0.20	0.24	4.289e+02
	1.000e+06	1.585e+06	0.24	0.28	4.347e+02
	1.000e+06	1.585e+06	0.28	0.32	3.661e+02
	1.000e+06	1.585e+06	0.32	0.36	3.231e+02
	1.000e+06	1.585e+06	0.36	0.40	3.275e+02
	1.000e+06	1.585e+06	0.40	0.44	2.593e+02
	1.000e+06	1.585e+06	0.44	0.48	2.610e+02
	1.000e+06	1.585e+06	0.48	0.52	2.006e+02
	1.000e+06	1.585e+06	0.52	0.56	1.783e+02
	1.000e+06	1.585e+06	0.56	0.60	1.522e+02
	1.000e+06	1.585e+06	0.60	0.64	1.320e+02
	1.000e+06	1.585e+06	0.64	0.68	1.079e+02
	1.000e+06	1.585e+06	0.68	0.72	9.109e+01
	1.000e+06	1.585e+06	0.72	0.76	9.720e+01
	1.000e+06	1.585e+06	0.76	0.80	7.576e+01
	1.000e+06	1.585e+06	0.80	0.84	6.650e+01
	1.000e+06	1.585e+06	0.84	0.88	3.497e+01
	1.000e+06	1.585e+06	0.88	0.92	1.223e+01
	1.000e+06	1.585e+06	0.92	0.96	1.509e+01
	1.000e+06	1.585e+06	0.96	1.00	5.700e+00
	1.585e+06	2.512e+06	-1.00	-0.96	1.416e+02
	1.585e+06	2.512e+06	-0.96	-0.92	1.485e+02
	1.585e+06	2.512e+06	-0.92	-0.88	1.488e+02
	1.585e+06	2.512e+06	-0.88	-0.84	1.613e+02
	1.585e+06	2.512e+06	-0.84	-0.80	1.629e+02
	1.585e+06	2.512e+06	-0.80	-0.76	1.730e+02
	1.585e+06	2.512e+06	-0.76	-0.72	1.783e+02
	1.585e+06	2.512e+06	-0.72	-0.68	1.932e+02
	1.585e+06	2.512e+06	-0.68	-0.64	2.006e+02
	1.585e+06	2.512e+06	-0.64	-0.60	2.120e+02
	1.585e+06	2.512e+06	-0.60	-0.56	2.222e+02
	1.585e+06	2.512e+06	-0.56	-0.52	2.467e+02
	1.585e+06	2.512e+06	-0.52	-0.48	2.571e+02
	1.585e+06	2.512e+06	-0.48	-0.44	2.680e+02
	1.585e+06	2.512e+06	-0.44	-0.40	2.927e+02
	1.585e+06	2.512e+06	-0.40	-0.36	3.142e+02
	1.585e+06	2.512e+06	-0.36	-0.32	3.216e+02
	1.585e+06	2.512e+06	-0.32	-0.28	3.429e+02
	1.585e+06	2.512e+06	-0.28	-0.24	3.965e+02
	1.585e+06	2.512e+06	-0.24	-0.20	4.087e+02
	1.585e+06	2.512e+06	-0.20	-0.16	4.259e+02
	1.585e+06	2.512e+06	-0.16	-0.12	5.155e+02
	1.585e+06	2.512e+06	-0.12	-0.08	7.552e+02
	1.585e+06	2.512e+06	-0.08	-0.04	1.016e+03
	1.585e+06	2.512e+06	-0.04	0.00	1.099e+03
	1.585e+06	2.512e+06	0.00	0.04	1.038e+03
	1.585e+06	2.512e+06	0.04	0.08	9.127e+02
	1.585e+06	2.512e+06	0.08	0.12	7.441e+02
	1.585e+06	2.512e+06	0.12	0.16	7.139e+02
	1.585e+06	2.512e+06	0.16	0.20	5.825e+02
	1.585e+06	2.512e+06	0.20	0.24	5.447e+02
	1.585e+06	2.512e+06	0.24	0.28	4.991e+02
	1.585e+06	2.512e+06	0.28	0.32	4.773e+02
	1.585e+06	2.512e+06	0.32	0.36	4.120e+02
	1.585e+06	2.512e+06	0.36	0.40	3.239e+02
	1.585e+06	2.512e+06	0.40	0.44	2.914e+02
	1.585e+06	2.512e+06	0.44	0.48	2.635e+02
	1.585e+06	2.512e+06	0.48	0.52	1.959e+02
	1.585e+06	2.512e+06	0.52	0.56	1.846e+02
	1.585e+06	2.512e+06	0.56	0.60	1.525e+02
	1.585e+06	2.512e+06	0.60	0.64	1.334e+02
	1.585e+06	2.512e+06	0.64	0.68	1.061e+02
	1.585e+06	2.512e+06	0.68	0.72	8.361e+01
	1.585e+06	2.512e+06	0.72	0.76	6.745e+01
	1.585e+06	2.512e+06	0.76	0.80	5.970e+01
	1.585e+06	2.512e+06	0.80	0.84	4.893e+01
	1.585e+06	2.512e+06	0.84	0.88	2.236e+01
	1.585e+06	2.512e+06	0.88	0.92	9.174e+00
	1.585e+06	2.512e+06	0.92	0.96	7.997e+00
	1.585e+06	2.512e+06	0.96	1.00	3.654e+00
	2.512e+06	3.981e+06	-1.00	-0.96	2.034e+02
	2.512e+06	3.981e+06	-0.96	-0.92	2.030e+02
	2.512e+06	3.981e+06	-0.92	-0.88	1.976e+02
	2.512e+06	3.981e+06	-0.88	-0.84	2.197e+02
	2.512e+06	3.981e+06	-0.84	-0.80	2.232e+02
	2.512e+06	3.981e+06	-0.80	-0.76	2.351e+02
	2.512e+06	3.981e+06	-0.76	-0.72	2.542e+02
	2.512e+06	3.981e+06	-0.72	-0.68	2.598e+02
	2.512e+06	3.981e+06	-0.68	-0.64	2.750e+02
	2.512e+06	3.981e+06	-0.64	-0.60	2.889e+02
	2.512e+06	3.981e+06	-0.60	-0.56	3.116e+02
	2.512e+06	3.981e+06	-0.56	-0.52	3.233e+02
	2.512e+06	3.981e+06	-0.52	-0.48	3.450e+02
	2.512e+06	3.981e+06	-0.48	-0.44	3.675e+02
	2.512e+06	3.981e+06	-0.44	-0.40	3.956e+02
	2.512e+06	3.981e+06	-0.40	-0.36	4.363e+02
	2.512e+06	3.981e+06	-0.36	-0.32	4.546e+02
	2.512e+06	3.981e+06	-0.32	-0.28	4.749e+02
	2.512e+06	3.981e+06	-0.28	-0.24	5.044e+02
	2.512e+06	3.981e+06	-0.24	-0.20	6.021e+02
	2.512e+06	3.981e+06	-0.20	-0.16	6.279e+02
	2.512e+06	3.981e+06	-0.16	-0.12	7.317e+02
	2.512e+06	3.981e+06	-0.12	-0.08	9.558e+02
	2.512e+06	3.981e+06	-0.08	-0.04	1.340e+03
	2.512e+06	3.981e+06	-0.04	0.00	1.354e+03
	2.512e+06	3.981e+06	0.00	0.04	1.360e+03
	2.512e+06	3.981e+06	0.04	0.08	1.175e+03
	2.512e+06	3.981e+06	0.08	0.12	9.389e+02
	2.512e+06	3.981e+06	0.12	0.16	8.199e+02
	2.512e+06	3.981e+06	0.16	0.20	7.616e+02
	2.512e+06	3.981e+06	0.20	0.24	6.087e+02
	2.512e+06	3.981e+06	0.24	0.28	5.766e+02
	2.512e+06	3.981e+06	0.28	0.32	4.795e+02
	2.512e+06	3.981e+06	0.32	0.36	4.234e+02
	2.512e+06	3.981e+06	0.36	0.40	3.347e+02
	2.512e+06	3.981e+06	0.40	0.44	2.655e+02
	2.512e+06	3.981e+06	0.44	0.48	2.351e+02
	2.512e+06	3.981e+06	0.48	0.52	1.975e+02
	2.512e+06	3.981e+06	0.52	0.56	1.769e+02
	2.512e+06	3.981e+06	0.56	0.60	1.246e+02
	2.512e+06	3.981e+06	0.60	0.64	9.871e+01
	2.512e+06	3.981e+06	0.64	0.68	8.168e+01
	2.512e+06	3.981e+06	0.68	0.72	6.862e+01
	2.512e+06	3.981e+06	0.72	0.76	4.179e+01
	2.512e+06	3.981e+06	0.76	0.80	4.883e+01
	2.512e+06	3.981e+06	0.80	0.84	3.363e+01
	2.512e+06	3.981e+06	0.84	0.88	2.277e+01
	2.512e+06	3.981e+06	0.88	0.92	4.364e+00
	2.512e+06	3.981e+06	0.92	0.96	9.063e+00
	2.512e+06	3.981e+06	0.96	1.00	5.954e+00
	3.981e+06	6.310e+06	-1.00	-0.96	2.527e+02
	3.981e+06	6.310e+06	-0.96	-0.92	2.599e+02
	3.981e+06	6.310e+06	-0.92	-0.88	2.762e+02
	3.981e+06	6.310e+06	-0.88	-0.84	2.724e+02
	3.981e+06	6.310e+06	-0.84	-0.80	2.909e+02
	3.981e+06	6.310e+06	-0.80	-0.76	3.135e+02
	3.981e+06	6.310e+06	-0.76	-0.72	3.409e+02
	3.981e+06	6.310e+06	-0.72	-0.68	3.345e+02
	3.981e+06	6.310e+06	-0.68	-0.64	3.594e+02
	3.981e+06	6.310e+06	-0.64	-0.60	3.800e+02
	3.981e+06	6.310e+06	-0.60	-0.56	4.013e+02
	3.981e+06	6.310e+06	-0.56	-0.52	4.283e+02
	3.981e+06	6.310e+06	-0.52	-0.48	4.404e+02
	3.981e+06	6.310e+06	-0.48	-0.44	4.934e+02
	3.981e+06	6.310e+06	-0.44	-0.40	5.255e+02
	3.981e+06	6.310e+06	-0.40	-0.36	5.398e+02
	3.981e+06	6.310e+06	-0.36	-0.32	6.170e+02
	3.981e+06	6.310e+06	-0.32	-0.28	6.400e+02
	3.981e+06	6.310e+06	-0.28	-0.24	7.169e+02
	3.981e+06	6.310e+06	-0.24	-0.20	7.715e+02
	3.981e+06	6.310e+06	-0.20	-0.16	8.796e+02
	3.981e+06	6.310e+06	-0.16	-0.12	1.005e+03
	3.981e+06	6.310e+06	-0.12	-0.08	1.290e+03
	3.981e+06	6.310e+06	-0.08	-0.04	1.770e+03
	3.981e+06	6.310e+06	-0.04	0.00	1.866e+03
	3.981e+06	6.310e+06	0.00	0.04	1.767e+03
	3.981e+06	6.310e+06	0.04	0.08	1.493e+03
	3.981e+06	6.310e+06	0.08	0.12	1.200e+03
	3.981e+06	6.310e+06	0.12	0.16	9.711e+02
	3.981e+06	6.310e+06	0.16	0.20	8.475e+02
	3.981e+06	6.310e+06	0.20	0.24	7.348e+02
	3.981e+06	6.310e+06	0.24	0.28	6.167e+02
	3.981e+06	6.310e+06	0.28	0.32	4.899e+02
	3.981e+06	6.310e+06	0.32	0.36	4.464e+02
	3.981e+06	6.310e+06	0.36	0.40	3.607e+02
	3.981e+06	6.310e+06	0.40	0.44	2.746e+02
	3.981e+06	6.310e+06	0.44	0.48	2.460e+02
	3.981e+06	6.310e+06	0.48	0.52	1.659e+02
	3.981e+06	6.310e+06	0.52	0.56	1.339e+02
	3.981e+06	6.310e+06	0.56	0.60	1.353e+02
	3.981e+06	6.310e+06	0.60	0.64	4.355e+01
	3.981e+06	6.310e+06	0.64	0.68	5.607e+01
	3.981e+06	6.310e+06	0.68	0.72	3.274e+01
	3.981e+06	6.310e+06	0.72	0.76	3.521e+01
	3.981e+06	6.310e+06	0.76	0.80	2.984e+01
	3.981e+06	6.310e+06	0.80	0.84	1.434e+01
	3.981e+06	6.310e+06	0.84	0.88	1.328e+01
	3.981e+06	6.310e+06	0.88	0.92	3.910e+00
	3.981e+06	6.310e+06	0.92	0.96	3.093e+00
	3.981e+06	6.310e+06	0.96	1.00	5.316e-01
	6.310e+06	1.000e+07	-1.00	-0.96	3.117e+02
	6.310e+06	1.000e+07	-0.96	-0.92	3.275e+02
	6.310e+06	1.000e+07	-0.92	-0.88	3.409e+02
	6.310e+06	1.000e+07	-0.88	-0.84	3.584e+02
	6.310e+06	1.000e+07	-0.84	-0.80	3.826e+02
	6.310e+06	1.000e+07	-0.80	-0.76	4.020e+02
	6.310e+06	1.000e+07	-0.76	-0.72	4.250e+02
	6.310e+06	1.000e+07	-0.72	-0.68	4.383e+02
	6.310e+06	1.000e+07	-0.68	-0.64	4.610e+02
	6.310e+06	1.000e+07	-0.64	-0.60	4.787e+02
	6.310e+06	1.000e+07	-0.60	-0.56	5.197e+02
	6.310e+06	1.000e+07	-0.56	-0.52	5.505e+02
	6.310e+06	1.000e+07	-0.52	-0.48	5.976e+02
	6.310e+06	1.000e+07	-0.48	-0.44	6.285e+02
	6.310e+06	1.000e+07	-0.44	-0.40	6.493e+02
	6.310e+06	1.000e+07	-0.40	-0.36	7.273e+02
	6.310e+06	1.000e+07	-0.36	-0.32	7.795e+02
	6.310e+06	1.000e+07	-0.32	-0.28	8.744e+02
	6.310e+06	1.000e+07	-0.28	-0.24	9.340e+02
	6.310e+06	1.000e+07	-0.24	-0.20	1.043e+03
	6.310e+06	1.000e+07	-0.20	-0.16	1.179e+03
	6.310e+06	1.000e+07	-0.16	-0.12	1.365e+03
	6.310e+06	1.000e+07	-0.12	-0.08	1.745e+03
	6.310e+06	1.000e+07	-0.08	-0.04	2.309e+03
	6.310e+06	1.000e+07	-0.04	0.00	2.339e+03
	6.310e+06	1.000e+07	0.00	0.04	2.123e+03
	6.310e+06	1.000e+07	0.04	0.08	1.738e+03
	6.310e+06	1.000e+07	0.08	0.12	1.378e+03
	6.310e+06	1.000e+07	0.12	0.16	1.154e+03
	6.310e+06	1.000e+07	0.16	0.20	9.005e+02
	6.310e+06	1.000e+07	0.20	0.24	7.297e+02
	6.310e+06	1.000e+07	0.24	0.28	6.567e+02
	6.310e+06	1.000e+07	0.28	0.32	4.614e+02
	6.310e+06	1.000e+07	0.32	0.36	3.941e+02
	6.310e+06	1.000e+07	0.36	0.40	3.391e+02
	6.310e+06	1.000e+07	0.40	0.44	2.494e+02
	6.310e+06	1.000e+07	0.44	0.48	1.138e+02
	6.310e+06	1.000e+07	0.48	0.52	1.200e+02
	6.310e+06	1.000e+07	0.52	0.56	1.186e+02
	6.310e+06	1.000e+07	0.56	0.60	8.010e+01
	6.310e+06	1.000e+07	0.60	0.64	7.334e+01
	6.310e+06	1.000e+07	0.64	0.68	5.136e+01
	6.310e+06	1.000e+07	0.68	0.72	3.194e+01
	6.310e+06	1.000e+07	0.72	0.76	3.048e+01
	6.310e+06	1.000e+07	0.76	0.80	2.439e+01
	6.310e+06	1.000e+07	0.80	0.84	6.302e+00
	6.310e+06	1.000e+07	0.84	0.88	4.206e+00
	6.310e+06	1.000e+07	0.88	0.92	1.824e+00
	6.310e+06	1.000e+07	0.92	0.96	1.047e+00
	6.310e+06	1.000e+07	0.96	1.00	1.295e+00
	1.000e+07	1.585e+07	-1.00	-0.96	4.010e+02
	1.000e+07	1.585e+07	-0.96	-0.92	4.450e+02
	1.000e+07	1.585e+07	-0.92	-0.88	4.443e+02
	1.000e+07	1.585e+07	-0.88	-0.84	4.614e+02
	1.000e+07	1.585e+07	-0.84	-0.80	4.963e+02
	1.000e+07	1.585e+07	-0.80	-0.76	4.930e+02
	1.000e+07	1.585e+07	-0.76	-0.72	5.320e+02
	1.000e+07	1.585e+07	-0.72	-0.68	5.408e+02
	1.000e+07	1.585e+07	-0.68	-0.64	5.844e+02
	1.000e+07	1.585e+07	-0.64	-0.60	5.991e+02
	1.000e+07	1.585e+07	-0.60	-0.56	6.665e+02
	1.000e+07	1.585e+07	-0.56	-0.52	6.762e+02
	1.000e+07	1.585e+07	-0.52	-0.48	7.309e+02
	1.000e+07	1.585e+07	-0.48	-0.44	7.677e+02
	1.000e+07	1.585e+07	-0.44	-0.40	8.579e+02
	1.000e+07	1.585e+07	-0.40	-0.36	8.801e+02
	1.000e+07	1.585e+07	-0.36	-0.32	1.003e+03
	1.000e+07	1.585e+07	-0.32	-0.28	1.092e+03
	1.000e+07	1.585e+07	-0.28	-0.24	1.221e+03
	1.000e+07	1.585e+07	-0.24	-0.20	1.362e+03
	1.000e+07	1.585e+07	-0.20	-0.16	1.500e+03
	1.000e+07	1.585e+07	-0.16	-0.12	1.704e+03
	1.000e+07	1.585e+07	-0.12	-0.08	2.224e+03
	1.000e+07	1.585e+07	-0.08	-0.04	3.023e+03
	1.000e+07	1.585e+07	-0.04	0.00	2.910e+03
	1.000e+07	1.585e+07	0.00	0.04	3.084e+03
	1.000e+07	1.585e+07	0.04	0.08	2.198e+03
	1.000e+07	1.585e+07	0.08	0.12	1.773e+03
	1.000e+07	1.585e+07	0.12	0.16	1.253e+03
	1.000e+07	1.585e+07	0.16	0.20	9.866e+02
	1.000e+07	1.585e+07	0.20	0.24	8.456e+02
	1.000e+07	1.585e+07	0.24	0.28	5.973e+02
	1.000e+07	1.585e+07	0.28	0.32	4.117e+02
	1.000e+07	1.585e+07	0.32	0.36	3.436e+02
	1.000e+07	1.585e+07	0.36	0.40	2.276e+02
	1.000e+07	1.585e+07	0.40	0.44	1.882e+02
	1.000e+07	1.585e+07	0.44	0.48	1.131e+02
	1.000e+07	1.585e+07	0.48	0.52	8.771e+01
	1.000e+07	1.585e+07	0.52	0.56	7.768e+01
	1.000e+07	1.585e+07	0.56	0.60	4.062e+01
	1.000e+07	1.585e+07	0.60	0.64	4.148e+01
	1.000e+07	1.585e+07	0.64	0.68	3.666e+01
	1.000e+07	1.585e+07	0.68	0.72	2.035e+01
	1.000e+07	1.585e+07	0.72	0.76	1.860e+01
	1.000e+07	1.585e+07	0.76	0.80	7.928e+00
	1.000e+07	1.585e+07	0.80	0.84	4.972e+00
	1.000e+07	1.585e+07	0.84	0.88	3.538e+00
	1.000e+07	1.585e+07	0.88	0.92	4.509e-01
	1.000e+07	1.585e+07	0.92	0.96	0.000e+00
	1.000e+07	1.585e+07	0.96	1.00	0.000e+00
	1.585e+07	2.512e+07	-1.00	-0.96	4.830e+02
	1.585e+07	2.512e+07	-0.96	-0.92	5.428e+02
	1.585e+07	2.512e+07	-0.92	-0.88	5.506e+02
	1.585e+07	2.512e+07	-0.88	-0.84	5.739e+02
	1.585e+07	2.512e+07	-0.84	-0.80	6.150e+02
	1.585e+07	2.512e+07	-0.80	-0.76	6.271e+02
	1.585e+07	2.512e+07	-0.76	-0.72	6.633e+02
	1.585e+07	2.512e+07	-0.72	-0.68	6.575e+02
	1.585e+07	2.512e+07	-0.68	-0.64	7.466e+02
	1.585e+07	2.512e+07	-0.64	-0.60	7.654e+02
	1.585e+07	2.512e+07	-0.60	-0.56	8.000e+02
	1.585e+07	2.512e+07	-0.56	-0.52	8.525e+02
	1.585e+07	2.512e+07	-0.52	-0.48	8.759e+02
	1.585e+07	2.512e+07	-0.48	-0.44	9.521e+02
	1.585e+07	2.512e+07	-0.44	-0.40	1.096e+03
	1.585e+07	2.512e+07	-0.40	-0.36	1.153e+03
	1.585e+07	2.512e+07	-0.36	-0.32	1.248e+03
	1.585e+07	2.512e+07	-0.32	-0.28	1.414e+03
	1.585e+07	2.512e+07	-0.28	-0.24	1.488e+03
	1.585e+07	2.512e+07	-0.24	-0.20	1.797e+03
	1.585e+07	2.512e+07	-0.20	-0.16	1.893e+03
	1.585e+07	2.512e+07	-0.16	-0.12	2.307e+03
	1.585e+07	2.512e+07	-0.12	-0.08	2.907e+03
	1.585e+07	2.512e+07	-0.08	-0.04	3.860e+03
	1.585e+07	2.512e+07	-0.04	0.00	4.133e+03
	1.585e+07	2.512e+07	0.00	0.04	3.397e+03
	1.585e+07	2.512e+07	0.04	0.08	2.619e+03
	1.585e+07	2.512e+07	0.08	0.12	1.899e+03
	1.585e+07	2.512e+07	0.12	0.16	1.382e+03
	1.585e+07	2.512e+07	0.16	0.20	1.048e+03
	1.585e+07	2.512e+07	0.20	0.24	7.850e+02
	1.585e+07	2.512e+07	0.24	0.28	5.742e+02
	1.585e+07	2.512e+07	0.28	0.32	3.810e+02
	1.585e+07	2.512e+07	0.32	0.36	2.907e+02
	1.585e+07	2.512e+07	0.36	0.40	2.234e+02
	1.585e+07	2.512e+07	0.40	0.44	1.861e+02
	1.585e+07	2.512e+07	0.44	0.48	1.149e+02
	1.585e+07	2.512e+07	0.48	0.52	5.270e+01
	1.585e+07	2.512e+07	0.52	0.56	7.080e+01
	1.585e+07	2.512e+07	0.56	0.60	2.667e+01
	1.585e+07	2.512e+07	0.60	0.64	3.327e+01
	1.585e+07	2.512e+07	0.64	0.68	2.146e+01
	1.585e+07	2.512e+07	0.68	0.72	1.119e+01
	1.585e+07	2.512e+07	0.72	0.76	3.354e+00
	1.585e+07	2.512e+07	0.76	0.80	3.626e+00
	1.585e+07	2.512e+07	0.80	0.84	4.625e+00
	1.585e+07	2.512e+07	0.84	0.88	0.000e+00
	1.585e+07	2.512e+07	0.88	0.92	1.494e+00
	1.585e+07	2.512e+07	0.92	0.96	6.361e-02
	1.585e+07	2.512e+07	0.96	1.00	1.192e-01
	2.512e+07	3.981e+07	-1.00	-0.96	6.353e+02
	2.512e+07	3.981e+07	-0.96	-0.92	6.481e+02
	2.512e+07	3.981e+07	-0.92	-0.88	6.711e+02
	2.512e+07	3.981e+07	-0.88	-0.84	7.142e+02
	2.512e+07	3.981e+07	-0.84	-0.80	7.181e+02
	2.512e+07	3.981e+07	-0.80	-0.76	7.634e+02
	2.512e+07	3.981e+07	-0.76	-0.72	8.020e+02
	2.512e+07	3.981e+07	-0.72	-0.68	8.357e+02
	2.512e+07	3.981e+07	-0.68	-0.64	8.785e+02
	2.512e+07	3.981e+07	-0.64	-0.60	9.018e+02
	2.512e+07	3.981e+07	-0.60	-0.56	9.694e+02
	2.512e+07	3.981e+07	-0.56	-0.52	1.027e+03
	2.512e+07	3.981e+07	-0.52	-0.48	1.109e+03
	2.512e+07	3.981e+07	-0.48	-0.44	1.178e+03
	2.512e+07	3.981e+07	-0.44	-0.40	1.292e+03
	2.512e+07	3.981e+07	-0.40	-0.36	1.429e+03
	2.512e+07	3.981e+07	-0.36	-0.32	1.519e+03
	2.512e+07	3.981e+07	-0.32	-0.28	1.669e+03
	2.512e+07	3.981e+07	-0.28	-0.24	1.880e+03
	2.512e+07	3.981e+07	-0.24	-0.20	2.105e+03
	2.512e+07	3.981e+07	-0.20	-0.16	2.349e+03
	2.512e+07	3.981e+07	-0.16	-0.12	2.902e+03
	2.512e+07	3.981e+07	-0.12	-0.08	3.713e+03
	2.512e+07	3.981e+07	-0.08	-0.04	4.868e+03
	2.512e+07	3.981e+07	-0.04	0.00	4.961e+03
	2.512e+07	3.981e+07	0.00	0.04	4.409e+03
	2.512e+07	3.981e+07	0.04	0.08	3.177e+03
	2.512e+07	3.981e+07	0.08	0.12	2.123e+03
	2.512e+07	3.981e+07	0.12	0.16	1.359e+03
	2.512e+07	3.981e+07	0.16	0.20	9.230e+02
	2.512e+07	3.981e+07	0.20	0.24	6.670e+02
	2.512e+07	3.981e+07	0.24	0.28	4.858e+02
	2.512e+07	3.981e+07	0.28	0.32	3.349e+02
	2.512e+07	3.981e+07	0.32	0.36	2.246e+02
	2.512e+07	3.981e+07	0.36	0.40	1.041e+02
	2.512e+07	3.981e+07	0.40	0.44	1.069e+02
	2.512e+07	3.981e+07	0.44	0.48	7.821e+01
	2.512e+07	3.981e+07	0.48	0.52	3.597e+01
	2.512e+07	3.981e+07	0.52	0.56	1.227e+01
	2.512e+07	3.981e+07	0.56	0.60	5.309e+00
	2.512e+07	3.981e+07	0.60	0.64	6.202e+00
	2.512e+07	3.981e+07	0.64	0.68	1.431e+01
	2.512e+07	3.981e+07	0.68	0.72	7.775e+00
	2.512e+07	3.981e+07	0.72	0.76	8.636e+00
	2.512e+07	3.981e+07	0.76	0.80	3.522e+00
	2.512e+07	3.981e+07	0.80	0.84	1.621e+00
	2.512e+07	3.981e+07	0.84	0.88	6.680e-01
	2.512e+07	3.981e+07	0.88	0.92	0.000e+00
	2.512e+07	3.981e+07	0.92	0.96	0.000e+00
	2.512e+07	3.981e+07	0.96	1.00	0.000e+00
	3.981e+07	6.310e+07	-1.00	-0.96	7.602e+02
	3.981e+07	6.310e+07	-0.96	-0.92	8.357e+02
	3.981e+07	6.310e+07	-0.92	-0.88	8.613e+02
	3.981e+07	6.310e+07	-0.88	-0.84	8.571e+02
	3.981e+07	6.310e+07	-0.84	-0.80	8.813e+02
	3.981e+07	6.310e+07	-0.80	-0.76	9.416e+02
	3.981e+07	6.310e+07	-0.76	-0.72	9.718e+02
	3.981e+07	6.310e+07	-0.72	-0.68	1.006e+03
	3.981e+07	6.310e+07	-0.68	-0.64	1.056e+03
	3.981e+07	6.310e+07	-0.64	-0.60	1.100e+03
	3.981e+07	6.310e+07	-0.60	-0.56	1.174e+03
	3.981e+07	6.310e+07	-0.56	-0.52	1.259e+03
	3.981e+07	6.310e+07	-0.52	-0.48	1.312e+03
	3.981e+07	6.310e+07	-0.48	-0.44	1.452e+03
	3.981e+07	6.310e+07	-0.44	-0.40	1.495e+03
	3.981e+07	6.310e+07	-0.40	-0.36	1.651e+03
	3.981e+07	6.310e+07	-0.36	-0.32	1.821e+03
	3.981e+07	6.310e+07	-0.32	-0.28	2.088e+03
	3.981e+07	6.310e+07	-0.28	-0.24	2.326e+03
	3.981e+07	6.310e+07	-0.24	-0.20	2.636e+03
	3.981e+07	6.310e+07	-0.20	-0.16	2.978e+03
	3.981e+07	6.310e+07	-0.16	-0.12	3.670e+03
	3.981e+07	6.310e+07	-0.12	-0.08	4.695e+03
	3.981e+07	6.310e+07	-0.08	-0.04	6.156e+03
	3.981e+07	6.310e+07	-0.04	0.00	6.263e+03
	3.981e+07	6.310e+07	0.00	0.04	5.072e+03
	3.981e+07	6.310e+07	0.04	0.08	3.467e+03
	3.981e+07	6.310e+07	0.08	0.12	2.426e+03
	3.981e+07	6.310e+07	0.12	0.16	1.517e+03
	3.981e+07	6.310e+07	0.16	0.20	8.757e+02
	3.981e+07	6.310e+07	0.20	0.24	6.922e+02
	3.981e+07	6.310e+07	0.24	0.28	4.756e+02
	3.981e+07	6.310e+07	0.28	0.32	3.137e+02
	3.981e+07	6.310e+07	0.32	0.36	1.800e+02
	3.981e+07	6.310e+07	0.36	0.40	1.275e+02
	3.981e+07	6.310e+07	0.40	0.44	4.723e+01
	3.981e+07	6.310e+07	0.44	0.48	8.018e+01
	3.981e+07	6.310e+07	0.48	0.52	2.079e+01
	3.981e+07	6.310e+07	0.52	0.56	2.185e+01
	3.981e+07	6.310e+07	0.56	0.60	1.776e+01
	3.981e+07	6.310e+07	0.60	0.64	2.457e+00
	3.981e+07	6.310e+07	0.64	0.68	2.212e+00
	3.981e+07	6.310e+07	0.68	0.72	4.388e+00
	3.981e+07	6.310e+07	0.72	0.76	1.117e+00
	3.981e+07	6.310e+07	0.76	0.80	1.695e+00
	3.981e+07	6.310e+07	0.80	0.84	6.222e-01
	3.981e+07	6.310e+07	0.84	0.88	1.051e+00
	3.981e+07	6.310e+07	0.88	0.92	2.647e-02
	3.981e+07	6.310e+07	0.92	0.96	0.000e+00
	3.981e+07	6.310e+07	0.96	1.00	0.000e+00
	6.310e+07	1.000e+08	-1.00	-0.96	9.421e+02
	6.310e+07	1.000e+08	-0.96	-0.92	9.716e+02
	6.310e+07	1.000e+08	-0.92	-0.88	1.024e+03
	6.310e+07	1.000e+08	-0.88	-0.84	1.003e+03
	6.310e+07	1.000e+08	-0.84	-0.80	1.065e+03
	6.310e+07	1.000e+08	-0.80	-0.76	1.093e+03
	6.310e+07	1.000e+08	-0.76	-0.72	1.164e+03
	6.310e+07	1.000e+08	-0.72	-0.68	1.212e+03
	6.310e+07	1.000e+08	-0.68	-0.64	1.256e+03
	6.310e+07	1.000e+08	-0.64	-0.60	1.353e+03
	6.310e+07	1.000e+08	-0.60	-0.56	1.398e+03
	6.310e+07	1.000e+08	-0.56	-0.52	1.491e+03
	6.310e+07	1.000e+08	-0.52	-0.48	1.603e+03
	6.310e+07	1.000e+08	-0.48	-0.44	1.683e+03
	6.310e+07	1.000e+08	-0.44	-0.40	1.853e+03
	6.310e+07	1.000e+08	-0.40	-0.36	2.030e+03
	6.310e+07	1.000e+08	-0.36	-0.32	2.140e+03
	6.310e+07	1.000e+08	-0.32	-0.28	2.471e+03
	6.310e+07	1.000e+08	-0.28	-0.24	2.731e+03
	6.310e+07	1.000e+08	-0.24	-0.20	3.171e+03
	6.310e+07	1.000e+08	-0.20	-0.16	3.804e+03
	6.310e+07	1.000e+08	-0.16	-0.12	4.631e+03
	6.310e+07	1.000e+08	-0.12	-0.08	5.722e+03
	6.310e+07	1.000e+08	-0.08	-0.04	7.529e+03
	6.310e+07	1.000e+08	-0.04	0.00	7.859e+03
	6.310e+07	1.000e+08	0.00	0.04	6.998e+03
	6.310e+07	1.000e+08	0.04	0.08	4.139e+03
	6.310e+07	1.000e+08	0.08	0.12	2.484e+03
	6.310e+07	1.000e+08	0.12	0.16	1.291e+03
	6.310e+07	1.000e+08	0.16	0.20	9.321e+02
	6.310e+07	1.000e+08	0.20	0.24	4.773e+02
	6.310e+07	1.000e+08	0.24	0.28	4.381e+02
	6.310e+07	1.000e+08	0.28	0.32	1.912e+02
	6.310e+07	1.000e+08	0.32	0.36	1.518e+02
	6.310e+07	1.000e+08	0.36	0.40	7.687e+01
	6.310e+07	1.000e+08	0.40	0.44	2.927e+01
	6.310e+07	1.000e+08	0.44	0.48	4.181e+01
	6.310e+07	1.000e+08	0.48	0.52	1.067e+01
	6.310e+07	1.000e+08	0.52	0.56	7.626e+00
	6.310e+07	1.000e+08	0.56	0.60	7.911e+00
	6.310e+07	1.000e+08	0.60	0.64	6.623e-01
	6.310e+07	1.000e+08	0.64	0.68	3.331e-01
	6.310e+07	1.000e+08	0.68	0.72	3.937e-01
	6.310e+07	1.000e+08	0.72	0.76	0.000e+00
	6.310e+07	1.000e+08	0.76	0.80	0.000e+00
	6.310e+07	1.000e+08	0.80	0.84	2.060e+00
	6.310e+07	1.000e+08	0.84	0.88	8.630e-04
	6.310e+07	1.000e+08	0.88	0.92	0.000e+00
	6.310e+07	1.000e+08	0.92	0.96	0.000e+00
	6.310e+07	1.000e+08	0.96	1.00	0.000e+00
	1.000e+08	1.585e+08	-1.00	-0.96	1.163e+03
	1.000e+08	1.585e+08	-0.96	-0.92	1.149e+03
	1.000e+08	1.585e+08	-0.92	-0.88	1.182e+03
	1.000e+08	1.585e+08	-0.88	-0.84	1.230e+03
	1.000e+08	1.585e+08	-0.84	-0.80	1.252e+03
	1.000e+08	1.585e+08	-0.80	-0.76	1.274e+03
	1.000e+08	1.585e+08	-0.76	-0.72	1.371e+03
	1.000e+08	1.585e+08	-0.72	-0.68	1.420e+03
	1.000e+08	1.585e+08	-0.68	-0.64	1.440e+03
	1.000e+08	1.585e+08	-0.64	-0.60	1.557e+03
	1.000e+08	1.585e+08	-0.60	-0.56	1.615e+03
	1.000e+08	1.585e+08	-0.56	-0.52	1.744e+03
	1.000e+08	1.585e+08	-0.52	-0.48	1.960e+03
	1.000e+08	1.585e+08	-0.48	-0.44	1.972e+03
	1.000e+08	1.585e+08	-0.44	-0.40	2.164e+03
	1.000e+08	1.585e+08	-0.40	-0.36	2.262e+03
	1.000e+08	1.585e+08	-0.36	-0.32	2.575e+03
	1.000e+08	1.585e+08	-0.32	-0.28	2.909e+03
	1.000e+08	1.585e+08	-0.28	-0.24	3.374e+03
	1.000e+08	1.585e+08	-0.24	-0.20	3.846e+03
	1.000e+08	1.585e+08	-0.20	-0.16	4.719e+03
	1.000e+08	1.585e+08	-0.16	-0.12	5.729e+03
	1.000e+08	1.585e+08	-0.12	-0.08	7.155e+03
	1.000e+08	1.585e+08	-0.08	-0.04	9.133e+03
	1.000e+08	1.585e+08	-0.04	0.00	1.010e+04
	1.000e+08	1.585e+08	0.00	0.04	8.185e+03
	1.000e+08	1.585e+08	0.04	0.08	4.502e+03
	1.000e+08	1.585e+08	0.08	0.12	2.519e+03
	1.000e+08	1.585e+08	0.12	0.16	1.206e+03
	1.000e+08	1.585e+08	0.16	0.20	8.142e+02
	1.000e+08	1.585e+08	0.20	0.24	3.362e+02
	1.000e+08	1.585e+08	0.24	0.28	1.822e+02
	1.000e+08	1.585e+08	0.28	0.32	1.415e+02
	1.000e+08	1.585e+08	0.32	0.36	1.302e+02
	1.000e+08	1.585e+08	0.36	0.40	5.526e+01
	1.000e+08	1.585e+08	0.40	0.44	2.163e+01
	1.000e+08	1.585e+08	0.44	0.48	1.788e+01
	1.000e+08	1.585e+08	0.48	0.52	2.322e+00
	1.000e+08	1.585e+08	0.52	0.56	2.830e+00
	1.000e+08	1.585e+08	0.56	0.60	5.476e+00
	1.000e+08	1.585e+08	0.60	0.64	7.003e+00
	1.000e+08	1.585e+08	0.64	0.68	1.996e+00
	1.000e+08	1.585e+08	0.68	0.72	1.199e+00
	1.000e+08	1.585e+08	0.72	0.76	7.622e-01
	1.000e+08	1.585e+08	0.76	0.80	0.000e+00
	1.000e+08	1.585e+08	0.80	0.84	0.000e+00
	1.000e+08	1.585e+08	0.84	0.88	6.119e-01
	1.000e+08	1.585e+08	0.88	0.92	6.926e-01
	1.000e+08	1.585e+08	0.92	0.96	0.000e+00
	1.000e+08	1.585e+08	0.96	1.00	0.000e+00
	1.585e+08	2.512e+08	-1.00	-0.96	1.367e+03
	1.585e+08	2.512e+08	-0.96	-0.92	1.396e+03
	1.585e+08	2.512e+08	-0.92	-0.88	1.445e+03
	1.585e+08	2.512e+08	-0.88	-0.84	1.423e+03
	1.585e+08	2.512e+08	-0.84	-0.80	1.457e+03
	1.585e+08	2.512e+08	-0.80	-0.76	1.511e+03
	1.585e+08	2.512e+08	-0.76	-0.72	1.590e+03
	1.585e+08	2.512e+08	-0.72	-0.68	1.665e+03
	1.585e+08	2.512e+08	-0.68	-0.64	1.718e+03
	1.585e+08	2.512e+08	-0.64	-0.60	1.834e+03
	1.585e+08	2.512e+08	-0.60	-0.56	1.970e+03
	1.585e+08	2.512e+08	-0.56	-0.52	2.049e+03
	1.585e+08	2.512e+08	-0.52	-0.48	2.121e+03
	1.585e+08	2.512e+08	-0.48	-0.44	2.279e+03
	1.585e+08	2.512e+08	-0.44	-0.40	2.590e+03
	1.585e+08	2.512e+08	-0.40	-0.36	2.866e+03
	1.585e+08	2.512e+08	-0.36	-0.32	2.988e+03
	1.585e+08	2.512e+08	-0.32	-0.28	3.485e+03
	1.585e+08	2.512e+08	-0.28	-0.24	3.819e+03
	1.585e+08	2.512e+08	-0.24	-0.20	4.615e+03
	1.585e+08	2.512e+08	-0.20	-0.16	5.528e+03
	1.585e+08	2.512e+08	-0.16	-0.12	6.855e+03
	1.585e+08	2.512e+08	-0.12	-0.08	8.870e+03
	1.585e+08	2.512e+08	-0.08	-0.04	1.137e+04
	1.585e+08	2.512e+08	-0.04	0.00	1.224e+04
	1.585e+08	2.512e+08	0.00	0.04	8.903e+03
	1.585e+08	2.512e+08	0.04	0.08	5.231e+03
	1.585e+08	2.512e+08	0.08	0.12	2.122e+03
	1.585e+08	2.512e+08	0.12	0.16	9.363e+02
	1.585e+08	2.512e+08	0.16	0.20	5.042e+02
	1.585e+08	2.512e+08	0.20	0.24	4.008e+02
	1.585e+08	2.512e+08	0.24	0.28	1.250e+02
	1.585e+08	2.512e+08	0.28	0.32	8.618e+01
	1.585e+08	2.512e+08	0.32	0.36	4.088e+01
	1.585e+08	2.512e+08	0.36	0.40	2.458e+01
	1.585e+08	2.512e+08	0.40	0.44	1.833e+01
	1.585e+08	2.512e+08	0.44	0.48	1.169e+01
	1.585e+08	2.512e+08	0.48	0.52	4.536e-01
	1.585e+08	2.512e+08	0.52	0.56	0.000e+00
	1.585e+08	2.512e+08	0.56	0.60	1.546e+00
	1.585e+08	2.512e+08	0.60	0.64	5.079e+00
	1.585e+08	2.512e+08	0.64	0.68	1.110e+00
	1.585e+08	2.512e+08	0.68	0.72	0.000e+00
	1.585e+08	2.512e+08	0.72	0.76	1.590e-01
	1.585e+08	2.512e+08	0.76	0.80	0.000e+00
	1.585e+08	2.512e+08	0.80	0.84	0.000e+00
	1.585e+08	2.512e+08	0.84	0.88	0.000e+00
	1.585e+08	2.512e+08	0.88	0.92	2.140e-01
	1.585e+08	2.512e+08	0.92	0.96	0.000e+00
	1.585e+08	2.512e+08	0.96	1.00	0.000e+00
	2.512e+08	3.981e+08	-1.00	-0.96	1.609e+03
	2.512e+08	3.981e+08	-0.96	-0.92	1.670e+03
	2.512e+08	3.981e+08	-0.92	-0.88	1.670e+03
	2.512e+08	3.981e+08	-0.88	-0.84	1.653e+03
	2.512e+08	3.981e+08	-0.84	-0.80	1.705e+03
	2.512e+08	3.981e+08	-0.80	-0.76	1.821e+03
	2.512e+08	3.981e+08	-0.76	-0.72	1.754e+03
	2.512e+08	3.981e+08	-0.72	-0.68	1.923e+03
	2.512e+08	3.981e+08	-0.68	-0.64	1.987e+03
	2.512e+08	3.981e+08	-0.64	-0.60	2.106e+03
	2.512e+08	3.981e+08	-0.60	-0.56	2.255e+03
	2.512e+08	3.981e+08	-0.56	-0.52	2.383e+03
	2.512e+08	3.981e+08	-0.52	-0.48	2.621e+03
	2.512e+08	3.981e+08	-0.48	-0.44	2.663e+03
	2.512e+08	3.981e+08	-0.44	-0.40	2.860e+03
	2.512e+08	3.981e+08	-0.40	-0.36	3.099e+03
	2.512e+08	3.981e+08	-0.36	-0.32	3.538e+03
	2.512e+08	3.981e+08	-0.32	-0.28	3.857e+03
	2.512e+08	3.981e+08	-0.28	-0.24	4.666e+03
	2.512e+08	3.981e+08	-0.24	-0.20	5.445e+03
	2.512e+08	3.981e+08	-0.20	-0.16	6.419e+03
	2.512e+08	3.981e+08	-0.16	-0.12	8.652e+03
	2.512e+08	3.981e+08	-0.12	-0.08	1.114e+04
	2.512e+08	3.981e+08	-0.08	-0.04	1.381e+04
	2.512e+08	3.981e+08	-0.04	0.00	1.566e+04
	2.512e+08	3.981e+08	0.00	0.04	1.075e+04
	2.512e+08	3.981e+08	0.04	0.08	5.243e+03
	2.512e+08	3.981e+08	0.08	0.12	1.986e+03
	2.512e+08	3.981e+08	0.12	0.16	9.742e+02
	2.512e+08	3.981e+08	0.16	0.20	4.737e+02
	2.512e+08	3.981e+08	0.20	0.24	2.157e+02
	2.512e+08	3.981e+08	0.24	0.28	6.374e+01
	2.512e+08	3.981e+08	0.28	0.32	7.769e+01
	2.512e+08	3.981e+08	0.32	0.36	4.288e+01
	2.512e+08	3.981e+08	0.36	0.40	4.520e+01
	2.512e+08	3.981e+08	0.40	0.44	1.664e+01
	2.512e+08	3.981e+08	0.44	0.48	1.692e+00
	2.512e+08	3.981e+08	0.48	0.52	1.032e+01
	2.512e+08	3.981e+08	0.52	0.56	0.000e+00
	2.512e+08	3.981e+08	0.56	0.60	5.593e+00
	2.512e+08	3.981e+08	0.60	0.64	0.000e+00
	2.512e+08	3.981e+08	0.64	0.68	2.620e+00
	2.512e+08	3.981e+08	0.68	0.72	0.000e+00
	2.512e+08	3.981e+08	0.72	0.76	1.126e+00
	2.512e+08	3.981e+08	0.76	0.80	0.000e+00
	2.512e+08	3.981e+08	0.80	0.84	0.000e+00
	2.512e+08	3.981e+08	0.84	0.88	1.829e-01
	2.512e+08	3.981e+08	0.88	0.92	0.000e+00
	2.512e+08	3.981e+08	0.92	0.96	3.789e-01
	2.512e+08	3.981e+08	0.96	1.00	0.000e+00
	3.981e+08	6.310e+08	-1.00	-0.96	2.017e+03
	3.981e+08	6.310e+08	-0.96	-0.92	1.967e+03
	3.981e+08	6.310e+08	-0.92	-0.88	1.923e+03
	3.981e+08	6.310e+08	-0.88	-0.84	1.849e+03
	3.981e+08	6.310e+08	-0.84	-0.80	1.981e+03
	3.981e+08	6.310e+08	-0.80	-0.76	2.114e+03
	3.981e+08	6.310e+08	-0.76	-0.72	2.089e+03
	3.981e+08	6.310e+08	-0.72	-0.68	2.189e+03
	3.981e+08	6.310e+08	-0.68	-0.64	2.249e+03
	3.981e+08	6.310e+08	-0.64	-0.60	2.381e+03
	3.981e+08	6.310e+08	-0.60	-0.56	2.516e+03
	3.981e+08	6.310e+08	-0.56	-0.52	2.728e+03
	3.981e+08	6.310e+08	-0.52	-0.48	2.894e+03
	3.981e+08	6.310e+08	-0.48	-0.44	3.096e+03
	3.981e+08	6.310e+08	-0.44	-0.40	3.439e+03
	3.981e+08	6.310e+08	-0.40	-0.36	3.611e+03
	3.981e+08	6.310e+08	-0.36	-0.32	4.207e+03
	3.981e+08	6.310e+08	-0.32	-0.28	4.686e+03
	3.981e+08	6.310e+08	-0.28	-0.24	5.164e+03
	3.981e+08	6.310e+08	-0.24	-0.20	6.339e+03
	3.981e+08	6.310e+08	-0.20	-0.16	7.969e+03
	3.981e+08	6.310e+08	-0.16	-0.12	9.795e+03
	3.981e+08	6.310e+08	-0.12	-0.08	1.307e+04
	3.981e+08	6.310e+08	-0.08	-0.04	1.774e+04
	3.981e+08	6.310e+08	-0.04	0.00	1.816e+04
	3.981e+08	6.310e+08	0.00	0.04	1.392e+04
	3.981e+08	6.310e+08	0.04	0.08	5.646e+03
	3.981e+08	6.310e+08	0.08	0.12	1.925e+03
	3.981e+08	6.310e+08	0.12	0.16	4.348e+02
	3.981e+08	6.310e+08	0.16	0.20	2.786e+02
	3.981e+08	6.310e+08	0.20	0.24	1.429e+02
	3.981e+08	6.310e+08	0.24	0.28	5.864e+01
	3.981e+08	6.310e+08	0.28	0.32	3.344e+01
	3.981e+08	6.310e+08	0.32	0.36	8.152e+00
	3.981e+08	6.310e+08	0.36	0.40	1.954e+00
	3.981e+08	6.310e+08	0.40	0.44	9.724e-01
	3.981e+08	6.310e+08	0.44	0.48	1.983e+00
	3.981e+08	6.310e+08	0.48	0.52	7.520e-01
	3.981e+08	6.310e+08	0.52	0.56	1.266e+00
	3.981e+08	6.310e+08	0.56	0.60	0.000e+00
	3.981e+08	6.310e+08	0.60	0.64	1.831e+00
	3.981e+08	6.310e+08	0.64	0.68	7.114e-01
	3.981e+08	6.310e+08	0.68	0.72	0.000e+00
	3.981e+08	6.310e+08	0.72	0.76	0.000e+00
	3.981e+08	6.310e+08	0.76	0.80	1.653e-01
	3.981e+08	6.310e+08	0.80	0.84	0.000e+00
	3.981e+08	6.310e+08	0.84	0.88	6.822e-01
	3.981e+08	6.310e+08	0.88	0.92	0.000e+00
	3.981e+08	6.310e+08	0.92	0.96	0.000e+00
	3.981e+08	6.310e+08	0.96	1.00	0.000e+00
	6.310e+08	1.000e+09	-1.00	-0.96	2.326e+03
	6.310e+08	1.000e+09	-0.96	-0.92	2.320e+03
	6.310e+08	1.000e+09	-0.92	-0.88	2.172e+03
	6.310e+08	1.000e+09	-0.88	-0.84	2.362e+03
	6.310e+08	1.000e+09	-0.84	-0.80	2.319e+03
	6.310e+08	1.000e+09	-0.80	-0.76	2.407e+03
	6.310e+08	1.000e+09	-0.76	-0.72	2.440e+03
	6.310e+08	1.000e+09	-0.72	-0.68	2.624e+03
	6.310e+08	1.000e+09	-0.68	-0.64	2.703e+03
	6.310e+08	1.000e+09	-0.64	-0.60	2.829e+03
	6.310e+08	1.000e+09	-0.60	-0.56	3.129e+03
	6.310e+08	1.000e+09	-0.56	-0.52	3.237e+03
	6.310e+08	1.000e+09	-0.52	-0.48	3.385e+03
	6.310e+08	1.000e+09	-0.48	-0.44	3.637e+03
	6.310e+08	1.000e+09	-0.44	-0.40	3.783e+03
	6.310e+08	1.000e+09	-0.40	-0.36	4.290e+03
	6.310e+08	1.000e+09	-0.36	-0.32	4.949e+03
	6.310e+08	1.000e+09	-0.32	-0.28	5.434e+03
	6.310e+08	1.000e+09	-0.28	-0.24	6.041e+03
	6.310e+08	1.000e+09	-0.24	-0.20	7.514e+03
	6.310e+08	1.000e+09	-0.20	-0.16	9.298e+03
	6.310e+08	1.000e+09	-0.16	-0.12	1.163e+04
	6.310e+08	1.000e+09	-0.12	-0.08	1.548e+04
	6.310e+08	1.000e+09	-0.08	-0.04	2.121e+04
	6.310e+08	1.000e+09	-0.04	0.00	2.280e+04
	6.310e+08	1.000e+09	0.00	0.04	1.568e+04
	6.310e+08	1.000e+09	0.04	0.08	5.393e+03
	6.310e+08	1.000e+09	0.08	0.12	1.761e+03
	6.310e+08	1.000e+09	0.12	0.16	3.872e+02
	6.310e+08	1.000e+09	0.16	0.20	1.545e+02
	6.310e+08	1.000e+09	0.20	0.24	4.377e+01
	6.310e+08	1.000e+09	0.24	0.28	0.000e+00
	6.310e+08	1.000e+09	0.28	0.32	1.236e+01
	6.310e+08	1.000e+09	0.32	0.36	2.277e+01
	6.310e+08	1.000e+09	0.36	0.40	7.248e+00
	6.310e+08	1.000e+09	0.40	0.44	1.949e+00
	6.310e+08	1.000e+09	0.44	0.48	2.778e+00
	6.310e+08	1.000e+09	0.48	0.52	0.000e+00
	6.310e+08	1.000e+09	0.52	0.56	3.727e+00
	6.310e+08	1.000e+09	0.56	0.60	4.525e+00
	6.310e+08	1.000e+09	0.60	0.64	0.000e+00
	6.310e+08	1.000e+09	0.64	0.68	9.894e-01
	6.310e+08	1.000e+09	0.68	0.72	0.000e+00
	6.310e+08	1.000e+09	0.72	0.76	0.000e+00
	6.310e+08	1.000e+09	0.76	0.80	0.000e+00
	6.310e+08	1.000e+09	0.80	0.84	0.000e+00
	6.310e+08	1.000e+09	0.84	0.88	0.000e+00
	6.310e+08	1.000e+09	0.88	0.92	0.000e+00
	6.310e+08	1.000e+09	0.92	0.96	0.000e+00
	6.310e+08	1.000e+09	0.96	1.00	0.000e+00
	1.000e+09	1.585e+09	-1.00	-0.96	0.000e+00
	1.000e+09	1.585e+09	-0.96	-0.92	0.000e+00
	1.000e+09	1.585e+09	-0.92	-0.88	0.000e+00
	1.000e+09	1.585e+09	-0.88	-0.84	0.000e+00
	1.000e+09	1.585e+09	-0.84	-0.80	0.000e+00
	1.000e+09	1.585e+09	-0.80	-0.76	0.000e+00
	1.000e+09	1.585e+09	-0.76	-0.72	0.000e+00
	1.000e+09	1.585e+09	-0.72	-0.68	0.000e+00
	1.000e+09	1.585e+09	-0.68	-0.64	0.000e+00
	1.000e+09	1.585e+09	-0.64	-0.60	0.000e+00
	1.000e+09	1.585e+09	-0.60	-0.56	0.000e+00
	1.000e+09	1.585e+09	-0.56	-0.52	0.000e+00
	1.000e+09	1.585e+09	-0.52	-0.48	0.000e+00
	1.000e+09	1.585e+09	-0.48	-0.44	0.000e+00
	1.000e+09	1.585e+09	-0.44	-0.40	0.000e+00
	1.000e+09	1.585e+09	-0.40	-0.36	0.000e+00
	1.000e+09	1.585e+09	-0.36	-0.32	0.000e+00
	1.000e+09	1.585e+09	-0.32	-0.28	0.000e+00
	1.000e+09	1.585e+09	-0.28	-0.24	0.000e+00
	1.000e+09	1.585e+09	-0.24	-0.20	0.000e+00
	1.000e+09	1.585e+09	-0.20	-0.16	0.000e+00
	1.000e+09	1.585e+09	-0.16	-0.12	0.000e+00
	1.000e+09	1.585e+09	-0.12	-0.08	0.000e+00
	1.000e+09	1.585e+09	-0.08	-0.04	0.000e+00
	1.000e+09	1.585e+09	-0.04	0.00	0.000e+00
	1.000e+09	1.585e+09	0.00	0.04	0.000e+00
	1.000e+09	1.585e+09	0.04	0.08	0.000e+00
	1.000e+09	1.585e+09	0.08	0.12	0.000e+00
	1.000e+09	1.585e+09	0.12	0.16	0.000e+00
	1.000e+09	1.585e+09	0.16	0.20	0.000e+00
	1.000e+09	1.585e+09	0.20	0.24	0.000e+00
	1.000e+09	1.585e+09	0.24	0.28	0.000e+00
	1.000e+09	1.585e+09	0.28	0.32	0.000e+00
	1.000e+09	1.585e+09	0.32	0.36	0.000e+00
	1.000e+09	1.585e+09	0.36	0.40	0.000e+00
	1.000e+09	1.585e+09	0.40	0.44	0.000e+00
	1.000e+09	1.585e+09	0.44	0.48	0.000e+00
	1.000e+09	1.585e+09	0.48	0.52	0.000e+00
	1.000e+09	1.585e+09	0.52	0.56	0.000e+00
	1.000e+09	1.585e+09	0.56	0.60	0.000e+00
	1.000e+09	1.585e+09	0.60	0.64	0.000e+00
	1.000e+09	1.585e+09	0.64	0.68	0.000e+00
	1.000e+09	1.585e+09	0.68	0.72	0.000e+00
	1.000e+09	1.585e+09	0.72	0.76	0.000e+00
	1.000e+09	1.585e+09	0.76	0.80	0.000e+00
	1.000e+09	1.585e+09	0.80	0.84	0.000e+00
	1.000e+09	1.585e+09	0.84	0.88	0.000e+00
	1.000e+09	1.585e+09	0.88	0.92	0.000e+00
	1.000e+09	1.585e+09	0.92	0.96	0.000e+00
	1.000e+09	1.585e+09	0.96	1.00	0.000e+00
	1.585e+09	2.512e+09	-1.00	-0.96	0.000e+00
	1.585e+09	2.512e+09	-0.96	-0.92	0.000e+00
	1.585e+09	2.512e+09	-0.92	-0.88	0.000e+00
	1.585e+09	2.512e+09	-0.88	-0.84	0.000e+00
	1.585e+09	2.512e+09	-0.84	-0.80	0.000e+00
	1.585e+09	2.512e+09	-0.80	-0.76	0.000e+00
	1.585e+09	2.512e+09	-0.76	-0.72	0.000e+00
	1.585e+09	2.512e+09	-0.72	-0.68	0.000e+00
	1.585e+09	2.512e+09	-0.68	-0.64	0.000e+00
	1.585e+09	2.512e+09	-0.64	-0.60	0.000e+00
	1.585e+09	2.512e+09	-0.60	-0.56	0.000e+00
	1.585e+09	2.512e+09	-0.56	-0.52	0.000e+00
	1.585e+09	2.512e+09	-0.52	-0.48	0.000e+00
	1.585e+09	2.512e+09	-0.48	-0.44	0.000e+00
	1.585e+09	2.512e+09	-0.44	-0.40	0.000e+00
	1.585e+09	2.512e+09	-0.40	-0.36	0.000e+00
	1.585e+09	2.512e+09	-0.36	-0.32	0.000e+00
	1.585e+09	2.512e+09	-0.32	-0.28	0.000e+00
	1.585e+09	2.512e+09	-0.28	-0.24	0.000e+00
	1.585e+09	2.512e+09	-0.24	-0.20	0.000e+00
	1.585e+09	2.512e+09	-0.20	-0.16	0.000e+00
	1.585e+09	2.512e+09	-0.16	-0.12	0.000e+00
	1.585e+09	2.512e+09	-0.12	-0.08	0.000e+00
	1.585e+09	2.512e+09	-0.08	-0.04	0.000e+00
	1.585e+09	2.512e+09	-0.04	0.00	0.000e+00
	1.585e+09	2.512e+09	0.00	0.04	0.000e+00
	1.585e+09	2.512e+09	0.04	0.08	0.000e+00
	1.585e+09	2.512e+09	0.08	0.12	0.000e+00
	1.585e+09	2.512e+09	0.12	0.16	0.000e+00
	1.585e+09	2.512e+09	0.16	0.20	0.000e+00
	1.585e+09	2.512e+09	0.20	0.24	0.000e+00
	1.585e+09	2.512e+09	0.24	0.28	0.000e+00
	1.585e+09	2.512e+09	0.28	0.32	0.000e+00
	1.585e+09	2.512e+09	0.32	0.36	0.000e+00
	1.585e+09	2.512e+09	0.36	0.40	0.000e+00
	1.585e+09	2.512e+09	0.40	0.44	0.000e+00
	1.585e+09	2.512e+09	0.44	0.48	0.000e+00
	1.585e+09	2.512e+09	0.48	0.52	0.000e+00
	1.585e+09	2.512e+09	0.52	0.56	0.000e+00
	1.585e+09	2.512e+09	0.56	0.60	0.000e+00
	1.585e+09	2.512e+09	0.60	0.64	0.000e+00
	1.585e+09	2.512e+09	0.64	0.68	0.000e+00
	1.585e+09	2.512e+09	0.68	0.72	0.000e+00
	1.585e+09	2.512e+09	0.72	0.76	0.000e+00
	1.585e+09	2.512e+09	0.76	0.80	0.000e+00
	1.585e+09	2.512e+09	0.80	0.84	0.000e+00
	1.585e+09	2.512e+09	0.84	0.88	0.000e+00
	1.585e+09	2.512e+09	0.88	0.92	0.000e+00
	1.585e+09	2.512e+09	0.92	0.96	0.000e+00
	1.585e+09	2.512e+09	0.96	1.00	0.000e+00
	2.512e+09	3.981e+09	-1.00	-0.96	0.000e+00
	2.512e+09	3.981e+09	-0.96	-0.92	0.000e+00
	2.512e+09	3.981e+09	-0.92	-0.88	0.000e+00
	2.512e+09	3.981e+09	-0.88	-0.84	0.000e+00
	2.512e+09	3.981e+09	-0.84	-0.80	0.000e+00
	2.512e+09	3.981e+09	-0.80	-0.76	0.000e+00
	2.512e+09	3.981e+09	-0.76	-0.72	0.000e+00
	2.512e+09	3.981e+09	-0.72	-0.68	0.000e+00
	2.512e+09	3.981e+09	-0.68	-0.64	0.000e+00
	2.512e+09	3.981e+09	-0.64	-0.60	0.000e+00
	2.512e+09	3.981e+09	-0.60	-0.56	0.000e+00
	2.512e+09	3.981e+09	-0.56	-0.52	0.000e+00
	2.512e+09	3.981e+09	-0.52	-0.48	0.000e+00
	2.512e+09	3.981e+09	-0.48	-0.44	0.000e+00
	2.512e+09	3.981e+09	-0.44	-0.40	0.000e+00
	2.512e+09	3.981e+09	-0.40	-0.36	0.000e+00
	2.512e+09	3.981e+09	-0.36	-0.32	0.000e+00
	2.512e+09	3.981e+09	-0.32	-0.28	0.000e+00
	2.512e+09	3.981e+09	-0.28	-0.24	0.000e+00
	2.512e+09	3.981e+09	-0.24	-0.20	0.000e+00
	2.512e+09	3.981e+09	-0.20	-0.16	0.000e+00
	2.512e+09	3.981e+09	-0.16	-0.12	0.000e+00
	2.512e+09	3.981e+09	-0.12	-0.08	0.000e+00
	2.512e+09	3.981e+09	-0.08	-0.04	0.000e+00
	2.512e+09	3.981e+09	-0.04	0.00	0.000e+00
	2.512e+09	3.981e+09	0.00	0.04	0.000e+00
	2.512e+09	3.981e+09	0.04	0.08	0.000e+00
	2.512e+09	3.981e+09	0.08	0.12	0.000e+00
	2.512e+09	3.981e+09	0.12	0.16	0.000e+00
	2.512e+09	3.981e+09	0.16	0.20	0.000e+00
	2.512e+09	3.981e+09	0.20	0.24	0.000e+00
	2.512e+09	3.981e+09	0.24	0.28	0.000e+00
	2.512e+09	3.981e+09	0.28	0.32	0.000e+00
	2.512e+09	3.981e+09	0.32	0.36	0.000e+00
	2.512e+09	3.981e+09	0.36	0.40	0.000e+00
	2.512e+09	3.981e+09	0.40	0.44	0.000e+00
	2.512e+09	3.981e+09	0.44	0.48	0.000e+00
	2.512e+09	3.981e+09	0.48	0.52	0.000e+00
	2.512e+09	3.981e+09	0.52	0.56	0.000e+00
	2.512e+09	3.981e+09	0.56	0.60	0.000e+00
	2.512e+09	3.981e+09	0.60	0.64	0.000e+00
	2.512e+09	3.981e+09	0.64	0.68	0.000e+00
	2.512e+09	3.981e+09	0.68	0.72	0.000e+00
	2.512e+09	3.981e+09	0.72	0.76	0.000e+00
	2.512e+09	3.981e+09	0.76	0.80	0.000e+00
	2.512e+09	3.981e+09	0.80	0.84	0.000e+00
	2.512e+09	3.981e+09	0.84	0.88	0.000e+00
	2.512e+09	3.981e+09	0.88	0.92	0.000e+00
	2.512e+09	3.981e+09	0.92	0.96	0.000e+00
	2.512e+09	3.981e+09	0.96	1.00	0.000e+00
	3.981e+09	6.310e+09	-1.00	-0.96	0.000e+00
	3.981e+09	6.310e+09	-0.96	-0.92	0.000e+00
	3.981e+09	6.310e+09	-0.92	-0.88	0.000e+00
	3.981e+09	6.310e+09	-0.88	-0.84	0.000e+00
	3.981e+09	6.310e+09	-0.84	-0.80	0.000e+00
	3.981e+09	6.310e+09	-0.80	-0.76	0.000e+00
	3.981e+09	6.310e+09	-0.76	-0.72	0.000e+00
	3.981e+09	6.310e+09	-0.72	-0.68	0.000e+00
	3.981e+09	6.310e+09	-0.68	-0.64	0.000e+00
	3.981e+09	6.310e+09	-0.64	-0.60	0.000e+00
	3.981e+09	6.310e+09	-0.60	-0.56	0.000e+00
	3.981e+09	6.310e+09	-0.56	-0.52	0.000e+00
	3.981e+09	6.310e+09	-0.52	-0.48	0.000e+00
	3.981e+09	6.310e+09	-0.48	-0.44	0.000e+00
	3.981e+09	6.310e+09	-0.44	-0.40	0.000e+00
	3.981e+09	6.310e+09	-0.40	-0.36	0.000e+00
	3.981e+09	6.310e+09	-0.36	-0.32	0.000e+00
	3.981e+09	6.310e+09	-0.32	-0.28	0.000e+00
	3.981e+09	6.310e+09	-0.28	-0.24	0.000e+00
	3.981e+09	6.310e+09	-0.24	-0.20	0.000e+00
	3.981e+09	6.310e+09	-0.20	-0.16	0.000e+00
	3.981e+09	6.310e+09	-0.16	-0.12	0.000e+00
	3.981e+09	6.310e+09	-0.12	-0.08	0.000e+00
	3.981e+09	6.310e+09	-0.08	-0.04	0.000e+00
	3.981e+09	6.310e+09	-0.04	0.00	0.000e+00
	3.981e+09	6.310e+09	0.00	0.04	0.000e+00
	3.981e+09	6.310e+09	0.04	0.08	0.000e+00
	3.981e+09	6.310e+09	0.08	0.12	0.000e+00
	3.981e+09	6.310e+09	0.12	0.16	0.000e+00
	3.981e+09	6.310e+09	0.16	0.20	0.000e+00
	3.981e+09	6.310e+09	0.20	0.24	0.000e+00
	3.981e+09	6.310e+09	0.24	0.28	0.000e+00
	3.981e+09	6.310e+09	0.28	0.32	0.000e+00
	3.981e+09	6.310e+09	0.32	0.36	0.000e+00
	3.981e+09	6.310e+09	0.36	0.40	0.000e+00
	3.981e+09	6.310e+09	0.40	0.44	0.000e+00
	3.981e+09	6.310e+09	0.44	0.48	0.000e+00
	3.981e+09	6.310e+09	0.48	0.52	0.000e+00
	3.981e+09	6.310e+09	0.52	0.56	0.000e+00
	3.981e+09	6.310e+09	0.56	0.60	0.000e+00
	3.981e+09	6.310e+09	0.60	0.64	0.000e+00
	3.981e+09	6.310e+09	0.64	0.68	0.000e+00
	3.981e+09	6.310e+09	0.68	0.72	0.000e+00
	3.981e+09	6.310e+09	0.72	0.76	0.000e+00
	3.981e+09	6.310e+09	0.76	0.80	0.000e+00
	3.981e+09	6.310e+09	0.80	0.84	0.000e+00
	3.981e+09	6.310e+09	0.84	0.88	0.000e+00
	3.981e+09	6.310e+09	0.88	0.92	0.000e+00
	3.981e+09	6.310e+09	0.92	0.96	0.000e+00
	3.981e+09	6.310e+09	0.96	1.00	0.000e+00
	6.310e+09	1.000e+10	-1.00	-0.96	0.000e+00
	6.310e+09	1.000e+10	-0.96	-0.92	0.000e+00
	6.310e+09	1.000e+10	-0.92	-0.88	0.000e+00
	6.310e+09	1.000e+10	-0.88	-0.84	0.000e+00
	6.310e+09	1.000e+10	-0.84	-0.80	0.000e+00
	6.310e+09	1.000e+10	-0.80	-0.76	0.000e+00
	6.310e+09	1.000e+10	-0.76	-0.72	0.000e+00
	6.310e+09	1.000e+10	-0.72	-0.68	0.000e+00
	6.310e+09	1.000e+10	-0.68	-0.64	0.000e+00
	6.310e+09	1.000e+10	-0.64	-0.60	0.000e+00
	6.310e+09	1.000e+10	-0.60	-0.56	0.000e+00
	6.310e+09	1.000e+10	-0.56	-0.52	0.000e+00
	6.310e+09	1.000e+10	-0.52	-0.48	0.000e+00
	6.310e+09	1.000e+10	-0.48	-0.44	0.000e+00
	6.310e+09	1.000e+10	-0.44	-0.40	0.000e+00
	6.310e+09	1.000e+10	-0.40	-0.36	0.000e+00
	6.310e+09	1.000e+10	-0.36	-0.32	0.000e+00
	6.310e+09	1.000e+10	-0.32	-0.28	0.000e+00
	6.310e+09	1.000e+10	-0.28	-0.24	0.000e+00
	6.310e+09	1.000e+10	-0.24	-0.20	0.000e+00
	6.310e+09	1.000e+10	-0.20	-0.16	0.000e+00
	6.310e+09	1.000e+10	-0.16	-0.12	0.000e+00
	6.310e+09	1.000e+10	-0.12	-0.08	0.000e+00
	6.310e+09	1.000e+10	-0.08	-0.04	0.000e+00
	6.310e+09	1.000e+10	-0.04	0.00	0.000e+00
	6.310e+09	1.000e+10	0.00	0.04	0.000e+00
	6.310e+09	1.000e+10	0.04	0.08	0.000e+00
	6.310e+09	1.000e+10	0.08	0.12	0.000e+00
	6.310e+09	1.000e+10	0.12	0.16	0.000e+00
	6.310e+09	1.000e+10	0.16	0.20	0.000e+00
	6.310e+09	1.000e+10	0.20	0.24	0.000e+00
	6.310e+09	1.000e+10	0.24	0.28	0.000e+00
	6.310e+09	1.000e+10	0.28	0.32	0.000e+00
	6.310e+09	1.000e+10	0.32	0.36	0.000e+00
	6.310e+09	1.000e+10	0.36	0.40	0.000e+00
	6.310e+09	1.000e+10	0.40	0.44	0.000e+00
	6.310e+09	1.000e+10	0.44	0.48	0.000e+00
	6.310e+09	1.000e+10	0.48	0.52	0.000e+00
	6.310e+09	1.000e+10	0.52	0.56	0.000e+00
	6.310e+09	1.000e+10	0.56	0.60	0.000e+00
	6.310e+09	1.000e+10	0.60	0.64	0.000e+00
	6.310e+09	1.000e+10	0.64	0.68	0.000e+00
	6.310e+09	1.000e+10	0.68	0.72	0.000e+00
	6.310e+09	1.000e+10	0.72	0.76	0.000e+00
	6.310e+09	1.000e+10	0.76	0.80	0.000e+00
	6.310e+09	1.000e+10	0.80	0.84	0.000e+00
	6.310e+09	1.000e+10	0.84	0.88	0.000e+00
	6.310e+09	1.000e+10	0.88	0.92	0.000e+00
	6.310e+09	1.000e+10	0.92	0.96	0.000e+00
	6.310e+09	1.000e+10	0.96	1.00	0.000e+00
